# Time-averaged data for fix 5
# TimeStep Number-of-rows
# Row c_rdf[1] c_rdf[2] c_rdf[3]
110000 100
1 0.04 0 0
2 0.12 0 0
3 0.2 0 0
4 0.28 0 0
5 0.36 0 0
6 0.44 0 0
7 0.52 0 0
8 0.6 0 0
9 0.68 0 0
10 0.76 0 0
11 0.84 0 0
12 0.92 0 0
13 1 0 0
14 1.08 0 0
15 1.16 0 0
16 1.24 0 0
17 1.32 0 0
18 1.4 0 0
19 1.48 0 0
20 1.56 0 0
21 1.64 0 0
22 1.72 0 0
23 1.8 0 0
24 1.88 0 0
25 1.96 0 0
26 2.04 0 0
27 2.12 0 0
28 2.2 0 0
29 2.28 0.000470017 0.00012963
30 2.36 0.00864856 0.00268519
31 2.44 0.084367 0.0293333
32 2.52 0.619684 0.238111
33 2.6 2.01038 0.959111
34 2.68 2.80859 2.02931
35 2.76 3.30236 3.36391
36 2.84 3.09548 4.68846
37 2.92 2.52495 5.83061
38 3 1.95945 6.76619
39 3.08 1.56123 7.55191
40 3.16 1.2761 8.22793
41 3.24 1.06805 8.82274
42 3.32 0.897243 9.34741
43 3.4 0.782383 9.82722
44 3.48 0.741235 10.3034
45 3.56 0.72945 10.7939
46 3.64 0.70617 11.2903
47 3.72 0.67557 11.7862
48 3.8 0.662389 12.2936
49 3.88 0.67612 12.8336
50 3.96 0.717751 13.4307
51 4.04 0.736745 14.0687
52 4.12 0.752215 14.746
53 4.2 0.773879 15.4702
54 4.28 0.791202 16.2391
55 4.36 0.818239 17.0643
56 4.44 0.840265 17.9431
57 4.52 0.872209 18.8884
58 4.6 0.902185 19.9011
59 4.68 0.930129 20.9819
60 4.76 0.953651 22.1281
61 4.84 0.9794 23.3453
62 4.92 1.00261 24.6328
63 5 1.03175 26.0011
64 5.08 1.06732 27.4623
65 5.16 1.11081 29.0313
66 5.24 1.15426 30.7126
67 5.32 1.18346 32.4895
68 5.4 1.20903 34.3598
69 5.48 1.20813 36.2845
70 5.56 1.19752 38.2484
71 5.64 1.16567 40.2154
72 5.72 1.13348 42.1828
73 5.8 1.09038 44.1287
74 5.88 1.05684 46.0671
75 5.96 1.02878 48.0058
76 6.04 1.0124 49.9651
77 6.12 0.990131 51.9324
78 6.2 0.979847 53.9306
79 6.28 0.974222 55.9688
80 6.36 0.97052 58.0514
81 6.44 0.964233 60.1729
82 6.52 0.927783 62.2652
83 6.6 0.917793 64.386
84 6.68 0.911596 66.544
85 6.76 0.916441 68.7656
86 6.84 0.90988 71.0239
87 6.92 0.903616 73.3194
88 7 0.900877 75.6612
89 7.08 0.903524 78.0638
90 7.16 0.913312 80.5476
91 7.24 0.925099 83.1201
92 7.32 0.934957 85.7777
93 7.4 0.954343 88.5501
94 7.48 0.966769 91.4196
95 7.56 0.98999 94.4212
96 7.64 1.01418 97.5616
97 7.72 1.0358 100.836
98 7.8 1.06007 104.258
99 7.88 1.07829 107.81
100 7.96 1.10228 111.515
115000 100
1 0.04 0 0
2 0.12 0 0
3 0.2 0 0
4 0.28 0 0
5 0.36 0 0
6 0.44 0 0
7 0.52 0 0
8 0.6 0 0
9 0.68 0 0
10 0.76 0 0
11 0.84 0 0
12 0.92 0 0
13 1 0 0
14 1.08 0 0
15 1.16 0 0
16 1.24 0 0
17 1.32 0 0
18 1.4 0 0
19 1.48 0 0
20 1.56 0 0
21 1.64 0 0
22 1.72 0 0
23 1.8 0 0
24 1.88 0 0
25 1.96 0 0
26 2.04 0 0
27 2.12 0 0
28 2.2 0 0
29 2.28 0.000738599 0.000203704
30 2.36 0.00827253 0.00264815
31 2.44 0.0804388 0.0280556
32 2.52 0.619575 0.236796
33 2.6 2.00279 0.955074
34 2.68 2.80082 2.02231
35 2.76 3.29136 3.35246
36 2.84 3.11717 4.6863
37 2.92 2.5254 5.82865
38 3 1.9655 6.76711
39 3.08 1.56528 7.55487
40 3.16 1.27705 8.23139
41 3.24 1.06889 8.82667
42 3.32 0.900157 9.35304
43 3.4 0.780511 9.8317
44 3.48 0.737718 10.3057
45 3.56 0.725456 10.7934
46 3.64 0.704537 11.2886
47 3.72 0.67721 11.7858
48 3.8 0.663888 12.2944
49 3.88 0.683726 12.8404
50 3.96 0.713655 13.4341
51 4.04 0.740231 14.0751
52 4.12 0.755032 14.755
53 4.2 0.765963 15.4718
54 4.28 0.795261 16.2446
55 4.36 0.808562 17.06
56 4.44 0.83752 17.9359
57 4.52 0.865853 18.8744
58 4.6 0.900931 19.8857
59 4.68 0.931946 20.9686
60 4.76 0.953205 22.1143
61 4.84 0.984511 23.3378
62 4.92 1.01079 24.6358
63 5 1.03332 26.0062
64 5.08 1.0637 27.4625
65 5.16 1.109 29.0289
66 5.24 1.14463 30.6962
67 5.32 1.18613 32.4771
68 5.4 1.21278 34.3532
69 5.48 1.21221 36.2844
70 5.56 1.19453 38.2434
71 5.64 1.16812 40.2146
72 5.72 1.13901 42.1915
73 5.8 1.09418 44.1442
74 5.88 1.06402 46.0958
75 5.96 1.02665 48.0304
76 6.04 1.00654 49.9784
77 6.12 0.988174 51.9419
78 6.2 0.979783 53.9399
79 6.28 0.97247 55.9745
80 6.36 0.969752 58.0554
81 6.44 0.964241 60.1769
82 6.52 0.931979 62.2786
83 6.6 0.913746 64.3901
84 6.68 0.912714 66.5507
85 6.76 0.906602 68.7485
86 6.84 0.907425 71.0007
87 6.92 0.906569 73.3037
88 7 0.900577 75.6447
89 7.08 0.904993 78.0512
90 7.16 0.911337 80.5297
91 7.24 0.921323 83.0917
92 7.32 0.935687 85.7514
93 7.4 0.954369 88.5238
94 7.48 0.974518 91.4163
95 7.56 0.995609 94.4349
96 7.64 1.01142 97.5668
97 7.72 1.0368 100.845
98 7.8 1.05972 104.265
99 7.88 1.08048 107.824
100 7.96 1.09967 111.521
120000 100
1 0.04 0 0
2 0.12 0 0
3 0.2 0 0
4 0.28 0 0
5 0.36 0 0
6 0.44 0 0
7 0.52 0 0
8 0.6 0 0
9 0.68 0 0
10 0.76 0 0
11 0.84 0 0
12 0.92 0 0
13 1 0 0
14 1.08 0 0
15 1.16 0 0
16 1.24 0 0
17 1.32 0 0
18 1.4 0 0
19 1.48 0 0
20 1.56 0 0
21 1.64 0 0
22 1.72 0 0
23 1.8 0 0
24 1.88 0 0
25 1.96 0 0
26 2.04 0 0
27 2.12 0 0
28 2.2 0 0
29 2.28 0.000268581 7.40741e-05
30 2.36 0.00846054 0.00257407
31 2.44 0.0814355 0.0282963
32 2.52 0.618365 0.23663
33 2.6 2.01792 0.960333
34 2.68 2.79649 2.02593
35 2.76 3.29791 3.35872
36 2.84 3.09155 4.68159
37 2.92 2.53846 5.82985
38 3 1.95724 6.76437
39 3.08 1.56049 7.54972
40 3.16 1.27984 8.22772
41 3.24 1.06769 8.82233
42 3.32 0.903609 9.35072
43 3.4 0.783652 9.83131
44 3.48 0.736825 10.3047
45 3.56 0.724106 10.7916
46 3.64 0.709411 11.2902
47 3.72 0.685912 11.7938
48 3.8 0.657023 12.2971
49 3.88 0.682427 12.8421
50 3.96 0.715993 13.4377
51 4.04 0.735932 14.075
52 4.12 0.752811 14.7529
53 4.2 0.766042 15.4697
54 4.28 0.796747 16.244
55 4.36 0.814475 17.0654
56 4.44 0.842283 17.9463
57 4.52 0.865665 18.8845
58 4.6 0.899677 19.8944
59 4.68 0.92471 20.9689
60 4.76 0.95607 22.1181
61 4.84 0.976643 23.3318
62 4.92 1.00306 24.6198
63 5 1.03478 25.9922
64 5.08 1.06978 27.4568
65 5.16 1.1082 29.0221
66 5.24 1.15267 30.7011
67 5.32 1.18728 32.4837
68 5.4 1.2049 34.3476
69 5.48 1.21368 36.2811
70 5.56 1.19884 38.2472
71 5.64 1.16411 40.2116
72 5.72 1.13313 42.1784
73 5.8 1.09836 44.1385
74 5.88 1.05981 46.0824
75 5.96 1.03273 48.0285
76 6.04 1.0127 49.9884
77 6.12 0.99234 51.9601
78 6.2 0.980146 53.9589
79 6.28 0.972957 55.9945
80 6.36 0.970321 58.0766
81 6.44 0.958669 60.1858
82 6.52 0.930017 62.2832
83 6.6 0.910557 64.3873
84 6.68 0.911807 66.5457
85 6.76 0.91052 68.7531
86 6.84 0.905746 71.0011
87 6.92 0.90229 73.2932
88 7 0.903534 75.6419
89 7.08 0.90188 78.0401
90 7.16 0.915327 80.5295
91 7.24 0.92147 83.0918
92 7.32 0.938443 85.7594
93 7.4 0.951226 88.5226
94 7.48 0.971161 91.4052
95 7.56 0.993007 94.4159
96 7.64 1.01454 97.5574
97 7.72 1.03897 100.842
98 7.8 1.06072 104.266
99 7.88 1.07687 107.813
100 7.96 1.10177 111.516
125000 100
1 0.04 0 0
2 0.12 0 0
3 0.2 0 0
4 0.28 0 0
5 0.36 0 0
6 0.44 0 0
7 0.52 0 0
8 0.6 0 0
9 0.68 0 0
10 0.76 0 0
11 0.84 0 0
12 0.92 0 0
13 1 0 0
14 1.08 0 0
15 1.16 0 0
16 1.24 0 0
17 1.32 0 0
18 1.4 0 0
19 1.48 0 0
20 1.56 0 0
21 1.64 0 0
22 1.72 0 0
23 1.8 0 0
24 1.88 0 0
25 1.96 0 0
26 2.04 0 0
27 2.12 0 0
28 2.2 0 0
29 2.28 0.000604308 0.000166667
30 2.36 0.00827253 0.00261111
31 2.44 0.0829599 0.0288148
32 2.52 0.624027 0.239056
33 2.6 2.01864 0.963019
34 2.68 2.79537 2.02819
35 2.76 3.28022 3.35383
36 2.84 3.09644 4.6788
37 2.92 2.54072 5.82807
38 3 1.96565 6.76661
39 3.08 1.55755 7.55048
40 3.16 1.28023 8.22869
41 3.24 1.07301 8.82626
42 3.32 0.901994 9.3537
43 3.4 0.776918 9.83017
44 3.48 0.741379 10.3065
45 3.56 0.722096 10.792
46 3.64 0.708858 11.2902
47 3.72 0.678219 11.7881
48 3.8 0.659319 12.2932
49 3.88 0.677349 12.8342
50 3.96 0.714501 13.4286
51 4.04 0.73944 14.0689
52 4.12 0.75532 14.749
53 4.2 0.772652 15.4721
54 4.28 0.795204 16.2449
55 4.36 0.81341 17.0651
56 4.44 0.836918 17.9404
57 4.52 0.871064 18.8845
58 4.6 0.897516 19.892
59 4.68 0.93287 20.9759
60 4.76 0.947412 22.1147
61 4.84 0.98089 23.3337
62 4.92 1.00594 24.6255
63 5 1.03539 25.9986
64 5.08 1.06882 27.4619
65 5.16 1.11338 29.0345
66 5.24 1.14772 30.7063
67 5.32 1.18934 32.492
68 5.4 1.20687 34.359
69 5.48 1.21372 36.2926
70 5.56 1.19467 38.2518
71 5.64 1.16459 40.217
72 5.72 1.13298 42.1835
73 5.8 1.0948 44.1373
74 5.88 1.05442 46.0713
75 5.96 1.0331 48.0181
76 6.04 1.01111 49.9749
77 6.12 0.986441 51.9349
78 6.2 0.982435 53.9383
79 6.28 0.971116 55.9701
80 6.36 0.97323 58.0585
81 6.44 0.958308 60.1669
82 6.52 0.932866 62.2706
83 6.6 0.91575 64.3868
84 6.68 0.911478 66.5444
85 6.76 0.907732 68.745
86 6.84 0.906843 70.9957
87 6.92 0.904542 73.2936
88 7 0.899772 75.6325
89 7.08 0.90773 78.0463
90 7.16 0.909784 80.5206
91 7.24 0.926318 83.0964
92 7.32 0.943577 85.7785
93 7.4 0.951334 88.5421
94 7.48 0.977207 91.4426
95 7.56 0.988279 94.439
96 7.64 1.01561 97.5838
97 7.72 1.03662 100.861
98 7.8 1.0593 104.28
99 7.88 1.07873 107.834
100 7.96 1.09926 111.529
130000 100
1 0.04 0 0
2 0.12 0 0
3 0.2 0 0
4 0.28 0 0
5 0.36 0 0
6 0.44 0 0
7 0.52 0 0
8 0.6 0 0
9 0.68 0 0
10 0.76 0 0
11 0.84 0 0
12 0.92 0 0
13 1 0 0
14 1.08 0 0
15 1.16 0 0
16 1.24 0 0
17 1.32 0 0
18 1.4 0 0
19 1.48 0 0
20 1.56 0 0
21 1.64 0 0
22 1.72 0 0
23 1.8 0 0
24 1.88 0 0
25 1.96 0 0
26 2.04 0 0
27 2.12 0 0
28 2.2 0 0
29 2.28 0.000671453 0.000185185
30 2.36 0.0083352 0.00264815
31 2.44 0.0872398 0.0302037
32 2.52 0.623532 0.240278
33 2.6 2.01663 0.963519
34 2.68 2.79736 2.02944
35 2.76 3.27619 3.35346
36 2.84 3.10925 4.68391
37 2.92 2.55169 5.83815
38 3 1.95619 6.77217
39 3.08 1.53768 7.54604
40 3.16 1.27544 8.2217
41 3.24 1.06709 8.81598
42 3.32 0.897053 9.34054
43 3.4 0.785463 9.82224
44 3.48 0.736911 10.2957
45 3.56 0.720884 10.7804
46 3.64 0.710939 11.2801
47 3.72 0.685458 11.7833
48 3.8 0.665314 12.293
49 3.88 0.679923 12.836
50 3.96 0.71922 13.4343
51 4.04 0.742477 14.0772
52 4.12 0.751022 14.7535
53 4.2 0.780904 15.4843
54 4.28 0.7981 16.2599
55 4.36 0.815209 17.082
56 4.44 0.840637 17.9611
57 4.52 0.860403 18.8937
58 4.6 0.89844 19.9022
59 4.68 0.922686 20.9743
60 4.76 0.952866 22.1196
61 4.84 0.976688 23.3334
62 4.92 1.01233 24.6334
63 5 1.03848 26.0107
64 5.08 1.06452 27.468
65 5.16 1.10656 29.031
66 5.24 1.14688 30.7016
67 5.32 1.18792 32.4852
68 5.4 1.20517 34.3495
69 5.48 1.20809 36.2741
70 5.56 1.1883 38.2229
71 5.64 1.1639 40.1869
72 5.72 1.13326 42.1539
73 5.8 1.09524 44.1085
74 5.88 1.058 46.049
75 5.96 1.03833 48.0057
76 6.04 1.01273 49.9656
77 6.12 0.993813 51.9403
78 6.2 0.982235 53.9433
79 6.28 0.975258 55.9837
80 6.36 0.974584 58.075
81 6.44 0.960429 60.1881
82 6.52 0.934188 62.2949
83 6.6 0.914475 64.4081
84 6.68 0.917017 66.5788
85 6.76 0.914111 68.7948
86 6.84 0.907254 71.0466
87 6.92 0.901021 73.3355
88 7 0.896367 75.6655
89 7.08 0.901741 78.0634
90 7.16 0.910642 80.54
91 7.24 0.918286 83.0935
92 7.32 0.933472 85.7469
93 7.4 0.953616 88.5172
94 7.48 0.972509 91.4037
95 7.56 0.991969 94.4113
96 7.64 1.01278 97.5474
97 7.72 1.03776 100.828
98 7.8 1.05828 104.244
99 7.88 1.08094 107.805
100 7.96 1.09922 111.5
135000 100
1 0.04 0 0
2 0.12 0 0
3 0.2 0 0
4 0.28 0 0
5 0.36 0 0
6 0.44 0 0
7 0.52 0 0
8 0.6 0 0
9 0.68 0 0
10 0.76 0 0
11 0.84 0 0
12 0.92 0 0
13 1 0 0
14 1.08 0 0
15 1.16 0 0
16 1.24 0 0
17 1.32 0 0
18 1.4 0 0
19 1.48 0 0
20 1.56 0 0
21 1.64 0 0
22 1.72 0 0
23 1.8 0 0
24 1.88 0 0
25 1.96 0 0
26 2.04 0 0
27 2.12 0 0
28 2.2 7.21169e-05 1.85185e-05
29 2.28 0.000402872 0.00012963
30 2.36 0.00802185 0.0025
31 2.44 0.0874743 0.0301296
32 2.52 0.624302 0.240463
33 2.6 2.00238 0.958593
34 2.68 2.79357 2.02307
35 2.76 3.3041 3.35837
36 2.84 3.10219 4.6858
37 2.92 2.54055 5.835
38 3 1.95313 6.76756
39 3.08 1.54824 7.54674
40 3.16 1.27586 8.22263
41 3.24 1.06616 8.81639
42 3.32 0.899365 9.3423
43 3.4 0.792378 9.82824
44 3.48 0.747115 10.3082
45 3.56 0.719369 10.7919
46 3.64 0.712335 11.2926
47 3.72 0.680716 11.7924
48 3.8 0.658642 12.2969
49 3.88 0.678416 12.8387
50 3.96 0.714768 13.4334
51 4.04 0.732211 14.0674
52 4.12 0.752709 14.7452
53 4.2 0.772751 15.4683
54 4.28 0.790935 16.2369
55 4.36 0.819433 17.0633
56 4.44 0.849366 17.9516
57 4.52 0.866417 18.8906
58 4.6 0.892402 19.8924
59 4.68 0.92573 20.968
60 4.76 0.954961 22.1159
61 4.84 0.98162 23.3358
62 4.92 1.00686 24.6287
63 5 1.03429 26.0005
64 5.08 1.06431 27.4575
65 5.16 1.11592 29.0338
66 5.24 1.15094 30.7102
67 5.32 1.19135 32.499
68 5.4 1.2064 34.3652
69 5.48 1.20739 36.2887
70 5.56 1.18585 38.2334
71 5.64 1.17312 40.2131
72 5.72 1.13475 42.1827
73 5.8 1.08941 44.1268
74 5.88 1.05746 46.0664
75 5.96 1.03327 48.0135
76 6.04 1.01257 49.9731
77 6.12 0.990812 51.9418
78 6.2 0.97981 53.9399
79 6.28 0.972302 55.9741
80 6.36 0.972289 58.0605
81 6.44 0.959351 60.1712
82 6.52 0.929696 62.2678
83 6.6 0.917048 64.387
84 6.68 0.918081 66.5603
85 6.76 0.910322 68.7671
86 6.84 0.904284 71.0115
87 6.92 0.903092 73.3056
88 7 0.903662 75.6546
89 7.08 0.904387 78.0596
90 7.16 0.912495 80.5412
91 7.24 0.922622 83.1068
92 7.32 0.936801 85.7696
93 7.4 0.951908 88.5349
94 7.48 0.971667 91.4189
95 7.56 0.995371 94.4369
96 7.64 1.01109 97.5677
97 7.72 1.03649 100.845
98 7.8 1.05499 104.25
99 7.88 1.08173 107.813
100 7.96 1.10078 111.513
140000 100
1 0.04 0 0
2 0.12 0 0
3 0.2 0 0
4 0.28 0 0
5 0.36 0 0
6 0.44 0 0
7 0.52 0 0
8 0.6 0 0
9 0.68 0 0
10 0.76 0 0
11 0.84 0 0
12 0.92 0 0
13 1 0 0
14 1.08 0 0
15 1.16 0 0
16 1.24 0 0
17 1.32 0 0
18 1.4 0 0
19 1.48 0 0
20 1.56 0 0
21 1.64 0 0
22 1.72 0 0
23 1.8 0 0
24 1.88 0 0
25 1.96 0 0
26 2.04 0 0
27 2.12 0 0
28 2.2 7.21169e-05 1.85185e-05
29 2.28 0.000470017 0.000148148
30 2.36 0.00858589 0.00268519
31 2.44 0.0831944 0.028963
32 2.52 0.61886 0.237463
33 2.6 2.00868 0.957852
34 2.68 2.79634 2.02339
35 2.76 3.27266 3.34598
36 2.84 3.11102 4.67719
37 2.92 2.55095 5.83109
38 3 1.95782 6.76589
39 3.08 1.56406 7.55304
40 3.16 1.2875 8.23509
41 3.24 1.07357 8.83298
42 3.32 0.902532 9.36074
43 3.4 0.782474 9.84061
44 3.48 0.734231 10.3123
45 3.56 0.71689 10.7943
46 3.64 0.710386 11.2937
47 3.72 0.6789 11.7921
48 3.8 0.657675 12.2959
49 3.88 0.680387 12.8393
50 3.96 0.707 13.4274
51 4.04 0.736553 14.0652
52 4.12 0.755238 14.7453
53 4.2 0.766992 15.4631
54 4.28 0.792993 16.2337
55 4.36 0.817523 17.0581
56 4.44 0.842744 17.9395
57 4.52 0.863478 18.8754
58 4.6 0.901509 19.8873
59 4.68 0.925013 20.9621
60 4.76 0.959706 22.1157
61 4.84 0.978089 23.3312
62 4.92 1.00536 24.6222
63 5 1.0363 25.9966
64 5.08 1.06838 27.4593
65 5.16 1.11542 29.0348
66 5.24 1.15365 30.7152
67 5.32 1.18876 32.5001
68 5.4 1.20702 34.3672
69 5.48 1.21533 36.3034
70 5.56 1.18675 38.2496
71 5.64 1.17238 40.228
72 5.72 1.12824 42.1863
73 5.8 1.09566 44.1416
74 5.88 1.05962 46.0851
75 5.96 1.03194 48.0297
76 6.04 1.00623 49.9771
77 6.12 0.990262 51.9447
78 6.2 0.983125 53.9495
79 6.28 0.971408 55.9819
80 6.36 0.966498 58.0558
81 6.44 0.958425 60.1645
82 6.52 0.931519 62.2652
83 6.6 0.911751 64.3721
84 6.68 0.911205 66.5291
85 6.76 0.912125 68.7404
86 6.84 0.909074 70.9966
87 6.92 0.906503 73.2995
88 7 0.904147 75.6497
89 7.08 0.907758 78.0636
90 7.16 0.911854 80.5435
91 7.24 0.92159 83.1062
92 7.32 0.93172 85.7546
93 7.4 0.953502 88.5245
94 7.48 0.970375 91.4047
95 7.56 0.993422 94.4167
96 7.64 1.01325 97.5542
97 7.72 1.03575 100.829
98 7.8 1.05617 104.238
99 7.88 1.08977 107.828
100 7.96 1.10689 111.548
145000 100
1 0.04 0 0
2 0.12 0 0
3 0.2 0 0
4 0.28 0 0
5 0.36 0 0
6 0.44 0 0
7 0.52 0 0
8 0.6 0 0
9 0.68 0 0
10 0.76 0 0
11 0.84 0 0
12 0.92 0 0
13 1 0 0
14 1.08 0 0
15 1.16 0 0
16 1.24 0 0
17 1.32 0 0
18 1.4 0 0
19 1.48 0 0
20 1.56 0 0
21 1.64 0 0
22 1.72 0 0
23 1.8 0 0
24 1.88 0 0
25 1.96 0 0
26 2.04 0 0
27 2.12 0 0
28 2.2 0 0
29 2.28 0.000872889 0.000240741
30 2.36 0.00965129 0.00309259
31 2.44 0.0842497 0.0297037
32 2.52 0.613308 0.236333
33 2.6 2.02081 0.961074
34 2.68 2.81049 2.032
35 2.76 3.28187 3.35831
36 2.84 3.08895 4.68007
37 2.92 2.52798 5.82359
38 3 1.97636 6.76724
39 3.08 1.57021 7.55748
40 3.16 1.26051 8.22524
41 3.24 1.06343 8.81748
42 3.32 0.900473 9.34404
43 3.4 0.78957 9.82826
44 3.48 0.74086 10.3042
45 3.56 0.730441 10.7954
46 3.64 0.713916 11.2972
47 3.72 0.686039 11.8008
48 3.8 0.653372 12.3013
49 3.88 0.670787 12.8371
50 3.96 0.714323 13.4313
51 4.04 0.726608 14.0605
52 4.12 0.761284 14.746
53 4.2 0.775205 15.4714
54 4.28 0.790687 16.2398
55 4.36 0.813704 17.0604
56 4.44 0.842035 17.941
57 4.52 0.868946 18.8828
58 4.6 0.899677 19.8928
59 4.68 0.924248 20.9667
60 4.76 0.957041 22.117
61 4.84 0.980413 23.3354
62 4.92 1.01328 24.6366
63 5 1.03121 26.0043
64 5.08 1.07316 27.4734
65 5.16 1.1056 29.0351
66 5.24 1.1496 30.7096
67 5.32 1.18643 32.491
68 5.4 1.20433 34.354
69 5.48 1.20956 36.281
70 5.56 1.19377 38.2387
71 5.64 1.1651 40.2048
72 5.72 1.1353 42.1753
73 5.8 1.09756 44.134
74 5.88 1.057 46.0727
75 5.96 1.03251 48.0184
76 6.04 1.00466 49.9628
77 6.12 0.987811 51.9255
78 6.2 0.986049 53.9363
79 6.28 0.978887 55.9843
80 6.36 0.969665 58.065
81 6.44 0.963433 60.1847
82 6.52 0.930123 62.2823
83 6.6 0.914532 64.3956
84 6.68 0.909922 66.5496
85 6.76 0.914989 68.7677
86 6.84 0.906627 71.0179
87 6.92 0.903296 73.3126
88 7 0.900905 75.6545
89 7.08 0.901831 78.0526
90 7.16 0.907061 80.5194
91 7.24 0.920764 83.0798
92 7.32 0.940521 85.7533
93 7.4 0.954509 88.5261
94 7.48 0.971991 91.4111
95 7.56 0.996891 94.4336
96 7.64 1.01465 97.5755
97 7.72 1.03582 100.85
98 7.8 1.05905 104.268
99 7.88 1.08156 107.831
100 7.96 1.10222 111.536
150000 100
1 0.04 0 0
2 0.12 0 0
3 0.2 0 0
4 0.28 0 0
5 0.36 0 0
6 0.44 0 0
7 0.52 0 0
8 0.6 0 0
9 0.68 0 0
10 0.76 0 0
11 0.84 0 0
12 0.92 0 0
13 1 0 0
14 1.08 0 0
15 1.16 0 0
16 1.24 0 0
17 1.32 0 0
18 1.4 0 0
19 1.48 0 0
20 1.56 0 0
21 1.64 0 0
22 1.72 0 0
23 1.8 0 0
24 1.88 0 0
25 1.96 0 0
26 2.04 0 0
27 2.12 0 0
28 2.2 0 0
29 2.28 0.00120862 0.000333333
30 2.36 0.00927526 0.00307407
31 2.44 0.0871811 0.0306111
32 2.52 0.619629 0.23937
33 2.6 2.01291 0.961278
34 2.68 2.80558 2.03033
35 2.76 3.27083 3.35219
36 2.84 3.10565 4.68109
37 2.92 2.54174 5.83083
38 3 1.9596 6.76648
39 3.08 1.56623 7.55472
40 3.16 1.27047 8.22776
41 3.24 1.06081 8.81854
42 3.32 0.90003 9.34483
43 3.4 0.786037 9.82689
44 3.48 0.744723 10.3054
45 3.56 0.715596 10.7865
46 3.64 0.712678 11.2874
47 3.72 0.683566 11.7893
48 3.8 0.666692 12.3
49 3.88 0.67343 12.8378
50 3.96 0.713833 13.4317
51 4.04 0.739226 14.0717
52 4.12 0.755752 14.7523
53 4.2 0.778094 15.4804
54 4.28 0.790382 16.2485
55 4.36 0.810637 17.066
56 4.44 0.839911 17.9444
57 4.52 0.869117 18.8864
58 4.6 0.894266 19.8903
59 4.68 0.931101 20.9721
60 4.76 0.951094 22.1153
61 4.84 0.989682 23.3452
62 4.92 1.00359 24.634
63 5 1.03119 26.0016
64 5.08 1.06637 27.4615
65 5.16 1.1131 29.0337
66 5.24 1.14989 30.7087
67 5.32 1.18978 32.4951
68 5.4 1.20067 34.3524
69 5.48 1.2089 36.2784
70 5.56 1.18851 38.2275
71 5.64 1.16929 40.2006
72 5.72 1.13221 42.1658
73 5.8 1.09061 44.1121
74 5.88 1.05846 46.0535
75 5.96 1.03475 48.0034
76 6.04 1.01655 49.9708
77 6.12 0.990476 51.9388
78 6.2 0.989228 53.956
79 6.28 0.972859 55.9914
80 6.36 0.97411 58.0817
81 6.44 0.962777 60.2
82 6.52 0.928949 62.2949
83 6.6 0.911687 64.4017
84 6.68 0.912941 66.5628
85 6.76 0.911697 68.7729
86 6.84 0.906672 71.0233
87 6.92 0.904003 73.3197
88 7 0.902893 75.6667
89 7.08 0.897688 78.0539
90 7.16 0.912624 80.5358
91 7.24 0.917427 83.0869
92 7.32 0.936534 85.7491
93 7.4 0.953011 88.5175
94 7.48 0.973021 91.4056
95 7.56 0.99013 94.4076
96 7.64 1.01717 97.5573
97 7.72 1.03815 100.84
98 7.8 1.05789 104.254
99 7.88 1.07707 107.802
100 7.96 1.10341 111.511
155000 100
1 0.04 0 0
2 0.12 0 0
3 0.2 0 0
4 0.28 0 0
5 0.36 0 0
6 0.44 0 0
7 0.52 0 0
8 0.6 0 0
9 0.68 0 0
10 0.76 0 0
11 0.84 0 0
12 0.92 0 0
13 1 0 0
14 1.08 0 0
15 1.16 0 0
16 1.24 0 0
17 1.32 0 0
18 1.4 0 0
19 1.48 0 0
20 1.56 0 0
21 1.64 0 0
22 1.72 0 0
23 1.8 0 0
24 1.88 0 0
25 1.96 0 0
26 2.04 0 0
27 2.12 0 0
28 2.2 0 0
29 2.28 0.000872889 0.000240741
30 2.36 0.00864856 0.0027963
31 2.44 0.0833703 0.0291296
32 2.52 0.619739 0.237926
33 2.6 1.98802 0.950907
34 2.68 2.82278 2.02652
35 2.76 3.28142 3.35265
36 2.84 3.09029 4.67498
37 2.92 2.5557 5.83104
38 3 1.96949 6.77141
39 3.08 1.55983 7.55643
40 3.16 1.27935 8.23417
41 3.24 1.05725 8.82296
42 3.32 0.897338 9.34769
43 3.4 0.790385 9.83241
44 3.48 0.738497 10.3069
45 3.56 0.721931 10.7923
46 3.64 0.712362 11.293
47 3.72 0.678471 11.7911
48 3.8 0.664202 12.2999
49 3.88 0.677581 12.841
50 3.96 0.71459 13.4355
51 4.04 0.735676 14.0725
52 4.12 0.753284 14.7509
53 4.2 0.768635 15.4701
54 4.28 0.79669 16.2444
55 4.36 0.819231 17.0705
56 4.44 0.834775 17.9436
57 4.52 0.870073 18.8866
58 4.6 0.891379 19.8872
59 4.68 0.924152 20.961
60 4.76 0.961154 22.1163
61 4.84 0.977358 23.3309
62 4.92 1.00503 24.6215
63 5 1.03329 25.9919
64 5.08 1.07182 27.4592
65 5.16 1.10406 29.0187
66 5.24 1.15242 30.6974
67 5.32 1.18847 32.4818
68 5.4 1.21243 34.3573
69 5.48 1.20928 36.2838
70 5.56 1.1952 38.2439
71 5.64 1.16954 40.2175
72 5.72 1.13227 42.1828
73 5.8 1.09042 44.1287
74 5.88 1.06395 46.0802
75 5.96 1.03161 48.0242
76 6.04 1.00754 49.9741
77 6.12 0.991818 51.9448
78 6.2 0.985105 53.9536
79 6.28 0.975878 55.9954
80 6.36 0.969061 58.0748
81 6.44 0.960277 60.1876
82 6.52 0.930419 62.2858
83 6.6 0.911759 64.3927
84 6.68 0.914608 66.5578
85 6.76 0.907113 68.7569
86 6.84 0.90547 71.0042
87 6.92 0.905388 73.3042
88 7 0.899338 75.6419
89 7.08 0.905237 78.0491
90 7.16 0.910036 80.5241
91 7.24 0.917141 83.0744
92 7.32 0.936997 85.7378
93 7.4 0.958844 88.5232
94 7.48 0.974599 91.416
95 7.56 0.996177 94.4364
96 7.64 1.00948 97.5622
97 7.72 1.03536 100.836
98 7.8 1.05806 104.251
99 7.88 1.08496 107.825
100 7.96 1.09929 111.52
160000 100
1 0.04 0 0
2 0.12 0 0
3 0.2 0 0
4 0.28 0 0
5 0.36 0 0
6 0.44 0 0
7 0.52 0 0
8 0.6 0 0
9 0.68 0 0
10 0.76 0 0
11 0.84 0 0
12 0.92 0 0
13 1 0 0
14 1.08 0 0
15 1.16 0 0
16 1.24 0 0
17 1.32 0 0
18 1.4 0 0
19 1.48 0 0
20 1.56 0 0
21 1.64 0 0
22 1.72 0 0
23 1.8 0 0
24 1.88 0 0
25 1.96 0 0
26 2.04 0 0
27 2.12 0 0
28 2.2 0 0
29 2.28 0.00114147 0.000314815
30 2.36 0.0105287 0.00342593
31 2.44 0.0871225 0.0309444
32 2.52 0.615617 0.238352
33 2.6 2.00893 0.958833
34 2.68 2.79561 2.02409
35 2.76 3.27491 3.34759
36 2.84 3.10925 4.67804
37 2.92 2.54215 5.82796
38 3 1.95518 6.7615
39 3.08 1.56495 7.54909
40 3.16 1.27883 8.22656
41 3.24 1.06752 8.82107
42 3.32 0.904337 9.34989
43 3.4 0.785041 9.83133
44 3.48 0.74625 10.3108
45 3.56 0.729808 10.8015
46 3.64 0.706091 11.2978
47 3.72 0.682305 11.7987
48 3.8 0.658884 12.3034
49 3.88 0.675517 12.8429
50 3.96 0.713878 13.4368
51 4.04 0.739354 14.077
52 4.12 0.75896 14.7604
53 4.2 0.762995 15.4745
54 4.28 0.789392 16.2416
55 4.36 0.81532 17.0638
56 4.44 0.841256 17.9436
57 4.52 0.86558 18.8818
58 4.6 0.894547 19.8859
59 4.68 0.92412 20.9597
60 4.76 0.9557 22.1084
61 4.84 0.982887 23.3299
62 4.92 1.00085 24.6151
63 5 1.03909 25.9932
64 5.08 1.06572 27.4522
65 5.16 1.11443 29.0263
66 5.24 1.15282 30.7056
67 5.32 1.18732 32.4882
68 5.4 1.21085 34.3614
69 5.48 1.20848 36.2866
70 5.56 1.1929 38.2429
71 5.64 1.16316 40.2057
72 5.72 1.13427 42.1745
73 5.8 1.09605 44.1305
74 5.88 1.06612 46.0859
75 5.96 1.03402 48.0344
76 6.04 1.00437 49.9782
77 6.12 0.993542 51.9524
78 6.2 0.980165 53.9511
79 6.28 0.977205 55.9956
80 6.36 0.970373 58.0779
81 6.44 0.964082 60.199
82 6.52 0.92463 62.2842
83 6.6 0.909347 64.3856
84 6.68 0.914357 66.55
85 6.76 0.91049 68.7573
86 6.84 0.907813 71.0104
87 6.92 0.903565 73.3058
88 7 0.900093 75.6455
89 7.08 0.899109 78.0364
90 7.16 0.910207 80.5118
91 7.24 0.925992 83.0867
92 7.32 0.932567 85.7376
93 7.4 0.957288 88.5185
94 7.48 0.972484 91.4049
95 7.56 0.993679 94.4177
96 7.64 1.01082 97.5477
97 7.72 1.03388 100.816
98 7.8 1.06508 104.254
99 7.88 1.08728 107.836
100 7.96 1.10137 111.538
