# Time-averaged data for fix rdfout
# TimeStep Number-of-rows
# Row c_myrdf[1] c_myrdf[2] c_myrdf[3] c_myrdf[4] c_myrdf[5] c_myrdf[6] c_myrdf[7]
20000 200
1 0.03 0 0 0 0 0 0
2 0.09 0 0 0 0 0 0
3 0.15 0 0 0 0 0 0
4 0.21 0 0 0 0 0 0
5 0.27 0 0 0 0 0 0
6 0.33 0 0 0 0 0 0
7 0.39 0 0 0 0 0 0
8 0.45 0 0 0 0 0 0
9 0.51 0 0 0 0 0 0
10 0.57 0 0 0 0 0 0
11 0.63 0 0 0 0 0 0
12 0.69 0 0 0 0 0 0
13 0.75 0 0 0 0 0 0
14 0.81 0 0 0 0 0 0
15 0.87 0 0 0 0 0 0
16 0.93 0 0 0 0 0 0
17 0.99 0 0 0 0 0 0
18 1.05 0 0 0 0 0 0
19 1.11 0 0 0 0 0 0
20 1.17 0 0 0 0 0 0
21 1.23 0 0 0 0 0 0
22 1.29 0 0 0 0 0 0
23 1.35 0 0 0 0 0 0
24 1.41 0 0 0 0 0 0
25 1.47 0 0 0 0 0 0
26 1.53 0 0 0 0 0 0
27 1.59 0 0 0 0 0 0
28 1.65 0 0 0 0 0 0
29 1.71 0 0 0 0 0 0
30 1.77 0 0 0 0 0 0
31 1.83 0 0 0 0 0 0
32 1.89 0 0 0 0 0 0
33 1.95 0 0 0 0 0 0
34 2.01 0 0 0 0 0 0
35 2.07 0 0 0 0 0 0
36 2.13 0 0 0 0 0 0
37 2.19 0 0 0.0169958 0.0016 0 0
38 2.25 0 0 0.229446 0.0244 0 0
39 2.31 0 0 0.633952 0.0908 0.0419249 0.0044
40 2.37 0.00725616 0.0008 1.40044 0.2452 0.153885 0.0214
41 2.43 0.0207068 0.0032 1.99476 0.4764 0.647516 0.0966
42 2.49 0.220217 0.03 2.50128 0.7808 1.31866 0.2574
43 2.55 0.604858 0.1072 2.63254 1.1168 1.92823 0.504
44 2.61 1.14277 0.26 2.76719 1.4868 2.42577 0.829
45 2.67 1.74661 0.5044 2.72998 1.8688 2.73736 1.2128
46 2.73 2.23396 0.8312 2.13006 2.1804 2.70841 1.6098
47 2.79 2.67823 1.2404 1.92947 2.4752 2.63106 2.0126
48 2.85 2.62185 1.6584 1.77633 2.7584 2.51269 2.414
49 2.91 2.62555 2.0948 1.56667 3.0188 2.14595 2.7714
50 2.97 2.3981 2.51 1.38387 3.2584 1.88605 3.0986
51 3.03 2.22859 2.9116 1.25414 3.4844 1.67364 3.4008
52 3.09 1.90384 3.2684 1.09706 3.69 1.51129 3.6846
53 3.15 1.71905 3.6032 0.981726 3.8812 1.29029 3.9364
54 3.21 1.60792 3.9284 0.965148 4.0764 1.25731 4.1912
55 3.27 1.29407 4.2 0.867162 4.2584 1.09653 4.4218
56 3.33 1.2644 4.4752 0.856411 4.4448 0.98217 4.636
57 3.39 1.16684 4.7384 0.773165 4.6192 0.923819 4.8448
58 3.45 1.0975 4.9948 0.70884 4.7848 0.83216 5.0396
59 3.51 0.924663 5.2184 0.669926 4.9468 0.759382 5.2236
60 3.57 0.786711 5.4152 0.647597 5.1088 0.725295 5.4054
61 3.63 0.788758 5.6192 0.682044 5.2852 0.757854 5.6018
62 3.69 0.725899 5.8132 0.631607 5.454 0.671421 5.7816
63 3.75 0.670974 5.9984 0.640541 5.6308 0.631306 5.9562
64 3.81 0.627546 6.1772 0.696337 5.8292 0.669024 6.1472
65 3.87 0.585106 6.3492 0.643617 6.0184 0.636897 6.3348
66 3.93 0.614878 6.5356 0.620156 6.2064 0.661713 6.5358
67 3.99 0.590125 6.72 0.679731 6.4188 0.647711 6.7386
68 4.05 0.546678 6.896 0.687075 6.64 0.660901 6.9518
69 4.11 0.589949 7.0916 0.685257 6.8672 0.688101 7.1804
70 4.17 0.612941 7.3008 0.735998 7.1184 0.676045 7.4116
71 4.23 0.620734 7.5188 0.782466 7.3932 0.725204 7.6668
72 4.29 0.706473 7.774 0.801703 7.6828 0.756448 7.9406
73 4.35 0.683888 8.028 0.851898 7.9992 0.783555 8.2322
74 4.41 0.742949 8.3116 0.865551 8.3296 0.860683 8.5614
75 4.47 0.755776 8.608 0.927127 8.6932 0.91662 8.9216
76 4.53 0.740854 8.9064 1.00601 9.0984 0.890518 9.281
77 4.59 0.846395 9.2564 1.05824 9.536 0.929655 9.6662
78 4.65 0.895382 9.6364 1.11122 10.0076 1.03845 10.1078
79 4.71 0.91681 10.0356 1.10513 10.4888 1.00391 10.5458
80 4.77 1.01481 10.4888 1.14916 11.002 1.10932 11.0422
81 4.83 1.05876 10.9736 1.17146 11.5384 1.1495 11.5696
82 4.89 1.08578 11.4832 1.16249 12.084 1.14358 12.1074
83 4.95 1.13947 12.0312 1.19353 12.658 1.1733 12.6728
84 5.01 1.09204 12.5692 1.27716 13.2872 1.22031 13.2752
85 5.07 1.10837 13.1284 1.17338 13.8792 1.19358 13.8786
86 5.13 1.21656 13.7568 1.2305 14.5148 1.21992 14.51
87 5.19 1.22491 14.4044 1.19692 15.1476 1.22246 15.1576
88 5.25 1.16232 15.0332 1.19559 15.7944 1.24522 15.8326
89 5.31 1.24534 15.7224 1.14704 16.4292 1.21472 16.5062
90 5.37 1.25371 16.432 1.13922 17.074 1.21841 17.1972
91 5.43 1.23445 17.1464 1.13008 17.728 1.21819 17.9036
92 5.49 1.20288 17.858 1.10146 18.3796 1.22342 18.6288
93 5.55 1.20944 18.5892 1.05131 19.0152 1.16146 19.3324
94 5.61 1.13773 19.292 1.02052 19.6456 1.1067 20.0174
95 5.67 1.13279 20.0068 0.99587 20.274 1.10079 20.7134
96 5.73 1.08995 20.7092 0.967675 20.8976 1.03884 21.3842
97 5.79 1.15198 21.4672 0.91976 21.5028 1.01135 22.051
98 5.85 0.998652 22.138 0.909923 22.114 0.980014 22.7106
99 5.91 0.976728 22.8076 0.941136 22.7592 0.957305 23.3682
100 5.97 1.02409 23.524 0.887434 23.38 0.939301 24.0266
101 6.03 0.974671 24.2196 0.901809 24.0236 0.9221 24.686
102 6.09 0.96655 24.9232 0.892919 24.6736 0.913891 25.3526
103 6.15 0.931618 25.6148 0.897134 25.3396 0.895877 26.019
104 6.21 0.936955 26.324 0.873012 26.0004 0.839094 26.6554
105 6.27 0.883858 27.006 0.870899 26.6724 0.862431 27.3222
106 6.33 0.89363 27.7088 0.892104 27.374 0.855296 27.9962
107 6.39 0.844985 28.386 0.895893 28.092 0.879407 28.7024
108 6.45 0.89204 29.1144 0.913104 28.8376 0.8883 29.4292
109 6.51 0.855476 29.826 0.900678 29.5868 0.870322 30.1546
110 6.57 0.897994 30.5868 0.925378 30.3708 0.897847 30.9168
111 6.63 0.901287 31.3644 0.945795 31.1868 0.89185 31.6878
112 6.69 0.850586 32.1116 0.965789 32.0352 0.89501 32.4756
113 6.75 0.8986 32.9152 0.950932 32.8856 0.939656 33.3176
114 6.81 0.90261 33.7368 0.993574 33.79 0.942468 34.1772
115 6.87 0.907639 34.5776 0.985363 34.7028 0.962061 35.0702
116 6.93 0.955644 35.4784 1.0002 35.6456 0.979142 35.995
117 6.99 0.963083 36.402 1.02523 36.6288 0.974477 36.9314
118 7.05 0.986943 37.3648 1.071 37.6736 1.0042 37.913
119 7.11 1.00986 38.3668 1.05945 38.7248 1.02213 38.9292
120 7.17 1.00651 39.3824 1.07945 39.814 1.03358 39.9742
121 7.23 1.00196 40.4104 1.09046 40.9328 1.05832 41.0622
122 7.29 1.05111 41.5068 1.04958 42.0276 1.07293 42.1836
123 7.35 1.02949 42.5984 1.04345 43.134 1.06245 43.3124
124 7.41 1.0526 43.7328 1.09566 44.3148 1.05976 44.4568
125 7.47 1.09237 44.9292 1.09639 45.5156 1.07633 45.638
126 7.53 1.08545 46.1372 1.0797 46.7172 1.0736 46.8352
127 7.59 1.06588 47.3424 1.03971 47.8928 1.06658 48.0436
128 7.65 1.0757 48.578 1.06072 49.1112 1.06486 49.2692
129 7.71 1.09844 49.8596 1.04222 50.3272 1.0776 50.529
130 7.77 1.09032 51.1516 1.04205 51.562 1.06827 51.7974
131 7.83 1.07334 52.4432 1.06636 52.8452 1.042 53.0538
132 7.89 1.07443 53.756 1.02664 54.0996 1.07032 54.3642
133 7.95 1.04441 55.0516 1.05215 55.4048 1.03106 55.6458
134 8.01 1.05646 56.382 1.01612 56.6844 1.01123 56.9218
135 8.07 1.04081 57.7124 0.977594 57.934 1.0331 58.245
136 8.13 1.02149 59.0376 0.981718 59.2076 0.999448 59.5442
137 8.19 1.01509 60.374 0.986831 60.5068 1.00699 60.8726
138 8.25 1.01505 61.73 0.940791 61.7636 0.985974 62.1924
139 8.31 1.03763 63.1364 0.9789 63.0904 0.982833 63.5272
140 8.37 1.01146 64.5272 0.957352 64.4068 0.991873 64.8938
141 8.43 0.9627 65.87 0.921118 65.6916 0.988822 66.2758
142 8.49 0.972043 67.2452 0.941225 67.0232 0.973626 67.656
143 8.55 0.941442 68.596 0.947297 68.3824 0.958479 69.034
144 8.61 0.962456 69.9964 0.95091 69.766 0.955592 70.4272
145 8.67 0.961381 71.4148 0.981444 71.214 0.971093 71.8628
146 8.73 0.937515 72.8172 0.946875 72.6304 0.961393 73.3038
147 8.79 0.94929 74.2568 0.960896 74.0876 0.985166 74.8008
148 8.85 0.969768 75.7476 0.952595 75.552 0.948093 76.2612
149 8.91 0.972924 77.2636 0.991407 77.0968 0.971875 77.7786
150 8.97 0.953873 78.77 0.961471 78.6152 0.971303 79.3156
151 9.03 0.955235 80.2988 0.984977 80.1916 0.975773 80.8804
152 9.09 0.992242 81.908 0.974237 81.7716 0.978688 82.4708
153 9.15 0.953225 83.4744 0.986817 83.3932 0.983022 84.0894
154 9.21 0.957424 85.0684 1.0146 85.0824 1.00298 85.7626
155 9.27 0.959774 86.6872 1.00033 86.7696 0.990635 87.4368
156 9.33 0.970647 88.3456 1.00857 88.4928 1.00013 89.149
157 9.39 0.946263 89.9832 1.00243 90.2276 1.00861 90.898
158 9.45 0.965778 91.676 1.00526 91.9896 1.00382 92.661
159 9.51 1.00951 93.468 1.03926 93.8344 0.996475 94.4334
160 9.57 1.01915 95.3 1.0305 95.6868 1.00201 96.2382
161 9.63 1.01066 97.1396 1.02978 97.5612 0.997895 98.0582
162 9.69 1.00795 98.9972 1.03856 99.4752 1.01287 99.9286
163 9.75 1.04425 100.946 1.02581 101.389 1.0105 101.818
164 9.81 1.01034 102.854 1.04507 103.363 1.02005 103.748
165 9.87 1.06713 104.894 1.02696 105.327 1.02188 105.706
166 9.93 1.02616 106.88 1.01748 107.296 1.03298 107.709
167 9.99 1.04226 108.922 0.999987 109.255 1.02937 109.73
168 10.05 1.05366 111.011 1.05144 111.339 1.01732 111.751
169 10.11 1.02225 113.062 1.01208 113.37 1.02866 113.818
170 10.17 1.03465 115.162 1.02677 115.454 1.00515 115.863
171 10.23 1.0356 117.289 1.01671 117.542 1.00554 117.933
172 10.29 1.04069 119.452 0.995266 119.611 1.02449 120.066
173 10.35 1.00887 121.573 1.01591 121.747 0.991001 122.154
174 10.41 1.03038 123.765 1.02379 123.924 1.00345 124.292
175 10.47 1.0199 125.959 1.00763 126.092 0.99003 126.427
176 10.53 0.996364 128.128 1.01291 128.297 1.01308 128.636
177 10.59 1.01236 130.356 1.01 130.52 1.00408 130.851
178 10.65 1.01842 132.623 0.980506 132.703 0.994594 133.069
179 10.71 1.00171 134.878 0.976835 134.902 0.978251 135.276
180 10.77 1.02502 137.212 0.984781 137.144 0.992631 137.54
181 10.83 1.00622 139.528 1.00292 139.453 0.99779 139.842
182 10.89 0.999801 141.856 0.975055 141.722 0.974906 142.116
183 10.95 1.01709 144.249 0.987855 144.047 0.977482 144.421
184 11.01 0.983674 146.59 0.997628 146.421 0.994458 146.792
185 11.07 0.984182 148.957 0.989171 148.8 0.98072 149.155
186 11.13 0.971954 151.32 1.02082 151.282 0.981093 151.545
187 11.19 0.991994 153.758 0.990204 153.716 0.979452 153.957
188 11.25 0.997383 156.236 0.980958 156.152 0.983175 156.405
189 11.31 0.979818 158.696 1.00467 158.675 0.986047 158.885
190 11.37 0.993151 161.216 1.00072 161.214 0.994705 161.414
191 11.43 1.00256 163.786 1.00381 163.788 0.989037 163.955
192 11.49 0.987334 166.345 1.02099 166.434 0.974498 166.486
193 11.55 0.974047 168.895 0.999865 169.052 0.99413 169.094
194 11.61 1.00014 171.541 1.01193 171.729 0.98539 171.706
195 11.67 0.97851 174.157 1.01487 174.442 0.980809 174.333
196 11.73 1.00111 176.86 0.989706 177.114 1.00022 177.04
197 11.79 0.985816 179.55 1.00385 179.853 0.999939 179.773
198 11.85 0.983695 182.261 1.00503 182.623 0.995705 182.523
199 11.91 0.983866 185 0.99263 185.387 1.0204 185.37
200 11.97 1.00745 187.834 1.01542 188.242 1.00764 188.209
25000 200
1 0.03 0 0 0 0 0 0
2 0.09 0 0 0 0 0 0
3 0.15 0 0 0 0 0 0
4 0.21 0 0 0 0 0 0
5 0.27 0 0 0 0 0 0
6 0.33 0 0 0 0 0 0
7 0.39 0 0 0 0 0 0
8 0.45 0 0 0 0 0 0
9 0.51 0 0 0 0 0 0
10 0.57 0 0 0 0 0 0
11 0.63 0 0 0 0 0 0
12 0.69 0 0 0 0 0 0
13 0.75 0 0 0 0 0 0
14 0.81 0 0 0 0 0 0
15 0.87 0 0 0 0 0 0
16 0.93 0 0 0 0 0 0
17 0.99 0 0 0 0 0 0
18 1.05 0 0 0 0 0 0
19 1.11 0 0 0 0 0 0
20 1.17 0 0 0 0 0 0
21 1.23 0 0 0 0 0 0
22 1.29 0 0 0 0 0 0
23 1.35 0 0 0 0 0 0
24 1.41 0 0 0 0 0 0
25 1.47 0 0 0 0 0 0
26 1.53 0 0 0 0 0 0
27 1.59 0 0 0 0 0 0
28 1.65 0 0 0 0 0 0
29 1.71 0 0 0 0 0 0
30 1.77 0 0 0 0 0 0
31 1.83 0 0 0 0 0 0
32 1.89 0 0 0 0 0 0
33 1.95 0 0 0 0 0 0
34 2.01 0 0 0 0 0 0
35 2.07 0 0 0 0 0 0
36 2.13 0 0 0 0 0 0
37 2.19 0 0 0.0467384 0.0044 0 0
38 2.25 0 0 0.185167 0.0228 0.00401732 0.0004
39 2.31 0 0 0.649228 0.0908 0.0362078 0.0042
40 2.37 0.00362808 0.0004 1.35327 0.24 0.188283 0.025
41 2.43 0.0483159 0.006 1.94989 0.466 0.61824 0.0968
42 2.49 0.174202 0.0272 2.54072 0.7752 1.2957 0.2548
43 2.55 0.59859 0.1036 2.85192 1.1392 1.93136 0.5018
44 2.61 1.16072 0.2588 2.79411 1.5128 2.40637 0.8242
45 2.67 1.86382 0.5196 2.53845 1.868 2.60755 1.1898
46 2.73 2.32967 0.8604 2.3242 2.208 2.72888 1.5898
47 2.79 2.53947 1.2484 2.17819 2.5408 2.54746 1.9798
48 2.85 2.78995 1.6932 1.89425 2.8428 2.43882 2.3694
49 2.91 2.63518 2.1312 1.60517 3.1096 2.17237 2.7312
50 2.97 2.36575 2.5408 1.4116 3.354 1.94023 3.0678
51 3.03 2.23747 2.944 1.21196 3.5724 1.67143 3.3696
52 3.09 1.89317 3.2988 1.15895 3.7896 1.46337 3.6444
53 3.15 1.76012 3.6416 1.05977 3.996 1.27697 3.8936
54 3.21 1.60594 3.9664 1.09172 4.2168 1.19613 4.136
55 3.27 1.37793 4.2556 0.878597 4.4012 1.05563 4.358
56 3.33 1.235 4.5244 0.869276 4.5904 0.94457 4.564
57 3.39 1.09414 4.7712 0.753659 4.7604 0.91497 4.7708
58 3.45 0.987924 5.002 0.731098 4.9312 0.811655 4.9608
59 3.51 0.876693 5.214 0.724513 5.1064 0.742048 5.1406
60 3.57 0.810696 5.4168 0.669983 5.274 0.722103 5.3216
61 3.63 0.754733 5.612 0.661938 5.4452 0.678364 5.4974
62 3.69 0.794747 5.8244 0.60317 5.6064 0.69756 5.6842
63 3.75 0.69706 6.0168 0.718798 5.8048 0.624074 5.8568
64 3.81 0.694933 6.2148 0.623334 5.9824 0.65151 6.0428
65 3.87 0.665388 6.4104 0.615042 6.1632 0.594121 6.2178
66 3.93 0.612239 6.596 0.68745 6.3716 0.643936 6.4134
67 3.99 0.600365 6.7836 0.736056 6.6016 0.654099 6.6182
68 4.05 0.647316 6.992 0.746712 6.842 0.655941 6.8298
69 4.11 0.659922 7.2108 0.710593 7.0776 0.63392 7.0404
70 4.17 0.680916 7.4432 0.732482 7.3276 0.693004 7.2774
71 4.23 0.642374 7.6688 0.743741 7.5888 0.698491 7.5232
72 4.29 0.65 7.9036 0.803918 7.8792 0.795679 7.8112
73 4.35 0.730199 8.1748 0.831436 8.188 0.740561 8.0868
74 4.41 0.710465 8.446 0.86136 8.5168 0.767085 8.3802
75 4.47 0.760876 8.7444 0.937326 8.8844 0.835697 8.7086
76 4.53 0.835199 9.0808 0.945433 9.2652 0.954445 9.0938
77 4.59 0.828016 9.4232 1.0476 9.6984 0.938826 9.4828
78 4.65 0.844487 9.7816 1.06126 10.1488 1.00741 9.9112
79 4.71 0.959068 10.1992 1.15015 10.6496 1.09788 10.3902
80 4.77 0.999582 10.6456 1.16797 11.1712 1.07446 10.871
81 4.83 1.00548 11.106 1.14874 11.6972 1.10198 11.3766
82 4.89 1.0926 11.6188 1.22641 12.2728 1.16612 11.925
83 4.95 1.09289 12.1444 1.26922 12.8832 1.18658 12.4968
84 5.01 1.09529 12.684 1.24631 13.4972 1.21383 13.096
85 5.07 1.19003 13.2844 1.27169 14.1388 1.19239 13.6988
86 5.13 1.23747 13.9236 1.19565 14.7564 1.23615 14.3386
87 5.19 1.22567 14.5716 1.23701 15.4104 1.26286 15.0076
88 5.25 1.20077 15.2212 1.21186 16.066 1.21903 15.6684
89 5.31 1.20487 15.888 1.19475 16.7272 1.20065 16.3342
90 5.37 1.25018 16.5956 1.09894 17.3492 1.23216 17.033
91 5.43 1.18814 17.2832 1.17639 18.03 1.21577 17.738
92 5.49 1.21708 18.0032 1.1116 18.6876 1.19947 18.449
93 5.55 1.22002 18.7408 1.07182 19.3356 1.14825 19.1446
94 5.61 1.20183 19.4832 1.0134 19.9616 1.09571 19.8228
95 5.67 1.11885 20.1892 0.959737 20.5672 1.08055 20.506
96 5.73 1.08002 20.8852 0.961468 21.1868 1.02087 21.1652
97 5.79 1.08207 21.5972 1.00304 21.8468 1.00286 21.8264
98 5.85 1.08738 22.3276 0.921833 22.466 0.968722 22.4784
99 5.91 0.990731 23.0068 0.920131 23.0968 0.963128 23.14
100 5.97 1.01437 23.7164 0.869136 23.7048 0.944152 23.8018
101 6.03 0.947208 24.3924 0.857531 24.3168 0.954822 24.4846
102 6.09 0.931932 25.0708 0.884127 24.9604 0.878794 25.1256
103 6.15 0.923536 25.7564 0.887974 25.6196 0.893458 25.7902
104 6.21 0.885166 26.4264 0.893622 26.296 0.889725 26.465
105 6.27 0.919627 27.136 0.878674 26.974 0.87045 27.138
106 6.33 0.863113 27.8148 0.883967 27.6692 0.852251 27.8096
107 6.39 0.911865 28.5456 0.882916 28.3768 0.858736 28.4992
108 6.45 0.866567 29.2532 0.881752 29.0968 0.896855 29.233
109 6.51 0.879038 29.9844 0.878077 29.8272 0.867682 29.9562
110 6.57 0.876748 30.7272 0.934348 30.6188 0.88489 30.7074
111 6.63 0.897114 31.5012 0.958776 31.446 0.905499 31.4902
112 6.69 0.876996 32.2716 0.966244 32.2948 0.886603 32.2706
113 6.75 0.886076 33.064 0.943776 33.1388 0.962645 33.1332
114 6.81 0.883275 33.868 0.97336 34.0248 0.917909 33.9704
115 6.87 0.890367 34.6928 1.00652 34.9572 0.965077 34.8662
116 6.93 0.94164 35.5804 1.04391 35.9412 0.968978 35.7814
117 6.99 0.954324 36.4956 1.0073 36.9072 1.00674 36.7488
118 7.05 0.960291 37.4324 1.08043 37.9612 0.997245 37.7236
119 7.11 1.00624 38.4308 1.06711 39.02 1.01629 38.734
120 7.17 1.02792 39.468 1.03188 40.0612 1.02092 39.7662
121 7.23 1.04329 40.5384 1.07214 41.1612 1.03692 40.8322
122 7.29 1.02733 41.61 1.10288 42.3116 1.04193 41.9212
123 7.35 1.05703 42.7308 1.06005 43.4356 1.07638 43.0648
124 7.41 1.06745 43.8812 1.09974 44.6208 1.0555 44.2046
125 7.47 1.09054 45.0756 1.06534 45.7876 1.09 45.4008
126 7.53 1.09156 46.2904 1.08653 46.9968 1.07127 46.5954
127 7.59 1.10374 47.5384 1.07367 48.2108 1.05687 47.7928
128 7.65 1.10077 48.8028 1.05515 49.4228 1.09214 49.0498
129 7.71 1.09056 50.0752 1.06348 50.6636 1.07059 50.3014
130 7.77 1.08695 51.3632 1.03125 51.8856 1.0649 51.5658
131 7.83 1.10226 52.6896 1.02481 53.1188 1.06373 52.8484
132 7.89 1.08065 54.01 1.00863 54.3512 1.04696 54.1302
133 7.95 1.04796 55.31 1.02829 55.6268 1.03878 55.4214
134 8.01 1.04153 56.6216 1.04979 56.9488 1.02027 56.7088
135 8.07 1.0236 57.93 1.0236 58.2572 1.02014 58.0154
136 8.13 1.01563 59.2476 1.01656 59.576 0.982832 59.293
137 8.19 1.02663 60.5992 1.02481 60.9252 1.00184 60.6146
138 8.25 1.01205 61.9512 0.984806 62.2408 0.991353 61.9416
139 8.31 1.01726 63.33 0.982146 63.572 0.972671 63.2626
140 8.37 0.997787 64.702 1.00971 64.9604 0.983744 64.618
141 8.43 0.983635 66.074 0.966428 66.3084 0.970649 65.9746
142 8.49 0.978263 67.458 0.969781 67.6804 0.948936 67.3198
143 8.55 0.973223 68.8544 0.953988 69.0492 0.97712 68.7246
144 8.61 0.952834 70.2408 0.950635 70.4324 0.969722 70.1384
145 8.67 1.01398 71.7368 0.95867 71.8468 0.951612 71.5452
146 8.73 0.950083 73.158 0.938585 73.2508 0.955389 72.9772
147 8.79 0.94085 74.5848 0.940059 74.6764 0.962002 74.439
148 8.85 0.968987 76.0744 0.942447 76.1252 0.959389 75.9168
149 8.91 0.937241 77.5348 0.962912 77.6256 0.964061 77.422
150 8.97 0.942982 79.024 0.983001 79.178 0.961318 78.9432
151 9.03 0.958734 80.5584 0.966482 80.7248 0.945093 80.4588
152 9.09 0.928361 82.064 0.949326 82.2644 0.974873 82.043
153 9.15 0.965883 83.6512 1.00434 83.9148 0.96711 83.6354
154 9.21 0.956703 85.244 1.00067 85.5808 0.990756 85.2882
155 9.27 0.982304 86.9008 0.960011 87.2 0.99596 86.9714
156 9.33 0.966901 88.5528 0.978841 88.8724 1.00107 88.6852
157 9.39 0.990641 90.2672 1.00428 90.6104 0.986699 90.3962
158 9.45 1.00571 92.03 1.0032 92.3688 1.03308 92.2106
159 9.51 1.00343 93.8112 1.00884 94.1596 1.01593 94.0176
160 9.57 0.985546 95.5828 1.01047 95.976 1.01755 95.8504
161 9.63 0.993521 97.3912 1.01418 97.822 1.02443 97.7188
162 9.69 1.01142 99.2552 1.02597 99.7128 1.02132 99.6048
163 9.75 1.02238 101.163 1.01338 101.604 1.03938 101.548
164 9.81 1.02431 103.098 1.04422 103.576 1.04308 103.522
165 9.87 1.03533 105.077 1.02048 105.527 1.03942 105.514
166 9.93 1.02554 107.062 1.02906 107.519 1.0368 107.524
167 9.99 1.04471 109.108 0.994474 109.467 1.036 109.558
168 10.05 1.01956 111.13 1.03227 111.513 1.04491 111.633
169 10.11 1.02644 113.189 1.01966 113.559 1.01931 113.682
170 10.17 1.0114 115.242 0.998794 115.586 1.02374 115.765
171 10.23 1.04826 117.395 1.02606 117.694 1.04053 117.906
172 10.29 1.02414 119.524 1.02048 119.815 1.02756 120.046
173 10.35 1.0239 121.676 1.00944 121.937 1.03059 122.217
174 10.41 1.00085 123.805 1.01345 124.093 1.00429 124.358
175 10.47 1.01581 125.991 1.00614 126.258 1.00803 126.531
176 10.53 1.01033 128.19 1.01383 128.464 1.0018 128.715
177 10.59 1.012 130.417 0.997281 130.659 0.997735 130.916
178 10.65 1.0195 132.687 1.00261 132.891 0.982849 133.108
179 10.71 0.993714 134.924 0.97417 135.084 1.00387 135.373
180 10.77 1.0027 137.207 0.986714 137.331 0.988949 137.629
181 10.83 0.965386 139.429 0.984151 139.596 0.993021 139.92
182 10.89 0.969728 141.686 0.975399 141.867 0.996858 142.245
183 10.95 1.00961 144.062 0.971708 144.154 0.988762 144.576
184 11.01 0.985859 146.408 0.977621 146.48 0.981371 146.916
185 11.07 0.974037 148.751 0.964891 148.8 0.98379 149.287
186 11.13 0.98347 151.142 0.979686 151.182 0.97822 151.67
187 11.19 1.00615 153.615 0.959118 153.54 0.980265 154.084
188 11.25 0.976772 156.041 0.986433 155.99 0.97763 156.517
189 11.31 1.00515 158.565 0.976951 158.443 0.992805 159.015
190 11.37 0.972815 161.033 0.990786 160.957 0.988805 161.529
191 11.43 1.00225 163.603 0.990863 163.498 0.984055 164.057
192 11.49 0.966958 166.109 0.991039 166.066 0.986284 166.618
193 11.55 0.998337 168.723 0.9797 168.631 0.985897 169.205
194 11.61 0.991825 171.347 0.98351 171.233 0.978525 171.799
195 11.67 1.00305 174.028 1.00634 173.923 1.00665 174.495
196 11.73 0.995779 176.717 0.974894 176.556 1.00354 177.211
197 11.79 0.992853 179.426 1.01455 179.324 1.00506 179.958
198 11.85 0.986163 182.144 1.00837 182.103 1.00418 182.731
199 11.91 1.02438 184.996 1.02625 184.96 1.01416 185.561
200 11.97 1.00247 187.815 1.02921 187.854 1.0207 188.437
30000 200
1 0.03 0 0 0 0 0 0
2 0.09 0 0 0 0 0 0
3 0.15 0 0 0 0 0 0
4 0.21 0 0 0 0 0 0
5 0.27 0 0 0 0 0 0
6 0.33 0 0 0 0 0 0
7 0.39 0 0 0 0 0 0
8 0.45 0 0 0 0 0 0
9 0.51 0 0 0 0 0 0
10 0.57 0 0 0 0 0 0
11 0.63 0 0 0 0 0 0
12 0.69 0 0 0 0 0 0
13 0.75 0 0 0 0 0 0
14 0.81 0 0 0 0 0 0
15 0.87 0 0 0 0 0 0
16 0.93 0 0 0 0 0 0
17 0.99 0 0 0 0 0 0
18 1.05 0 0 0 0 0 0
19 1.11 0 0 0 0 0 0
20 1.17 0 0 0 0 0 0
21 1.23 0 0 0 0 0 0
22 1.29 0 0 0 0 0 0
23 1.35 0 0 0 0 0 0
24 1.41 0 0 0 0 0 0
25 1.47 0 0 0 0 0 0
26 1.53 0 0 0 0 0 0
27 1.59 0 0 0 0 0 0
28 1.65 0 0 0 0 0 0
29 1.71 0 0 0 0 0 0
30 1.77 0 0 0 0 0 0
31 1.83 0 0 0 0 0 0
32 1.89 0 0 0 0 0 0
33 1.95 0 0 0 0 0 0
34 2.01 0 0 0 0 0 0
35 2.07 0 0 0 0 0 0
36 2.13 0 0 0 0 0 0
37 2.19 0 0 0.0424895 0.004 0 0
38 2.25 0 0 0.213345 0.0252 0.00602598 0.0006
39 2.31 0 0 0.672142 0.0956 0.0400192 0.0048
40 2.37 0 0 1.44398 0.2548 0.21906 0.029
41 2.43 0.0379625 0.0044 2.02927 0.49 0.649238 0.1044
42 2.49 0.167628 0.0248 2.48484 0.7924 1.31046 0.2642
43 2.55 0.560983 0.0964 2.7297 1.1408 1.86412 0.5026
44 2.61 1.1697 0.2528 2.74624 1.508 2.49146 0.8364
45 2.67 1.73804 0.496 2.52416 1.8612 2.62895 1.205
46 2.73 2.49646 0.8612 2.30506 2.1984 2.63883 1.5918
47 2.79 2.67037 1.2692 1.98445 2.5016 2.6389 1.9958
48 2.85 2.7222 1.7032 1.91934 2.8076 2.34618 2.3706
49 2.91 2.63036 2.1404 1.68699 3.088 2.10272 2.7208
50 2.97 2.43275 2.5616 1.37925 3.3268 1.81227 3.0352
51 3.03 2.12649 2.9448 1.29631 3.5604 1.71573 3.345
52 3.09 2.01696 3.3228 1.26781 3.798 1.441 3.6156
53 3.15 1.6944 3.6528 1.07209 4.0068 1.29849 3.869
54 3.21 1.63759 3.984 0.943392 4.1976 1.19317 4.1108
55 3.27 1.40271 4.2784 0.914809 4.3896 1.10984 4.3442
56 3.33 1.25337 4.5512 0.803115 4.5644 0.951907 4.5518
57 3.39 1.09059 4.7972 0.789125 4.7424 0.868072 4.748
58 3.45 0.948544 5.0188 0.799585 4.9292 0.784315 4.9316
59 3.51 0.870077 5.2292 0.721204 5.1036 0.778367 5.1202
60 3.57 0.94821 5.4664 0.684375 5.2748 0.744444 5.3068
61 3.63 0.798037 5.6728 0.660391 5.4456 0.710006 5.4908
62 3.69 0.719912 5.8652 0.62113 5.6116 0.666193 5.6692
63 3.75 0.698509 6.058 0.595617 5.776 0.679033 5.857
64 3.81 0.650008 6.2432 0.672471 5.9676 0.6382 6.0392
65 3.87 0.666749 6.4392 0.662667 6.1624 0.619923 6.2218
66 3.93 0.657102 6.6384 0.66238 6.3632 0.626817 6.4122
67 3.99 0.605486 6.8276 0.65797 6.5688 0.650266 6.6158
68 4.05 0.659741 7.04 0.688317 6.7904 0.646641 6.8244
69 4.11 0.588742 7.2352 0.70818 7.0252 0.684489 7.0518
70 4.17 0.637553 7.4528 0.723107 7.272 0.693004 7.2888
71 4.23 0.683376 7.6928 0.820052 7.56 0.72975 7.5456
72 4.29 0.647785 7.9268 0.84046 7.8636 0.77634 7.8266
73 4.35 0.595575 8.148 0.887439 8.1932 0.784092 8.1184
74 4.41 0.706273 8.4176 0.953574 8.5572 0.81676 8.4308
75 4.47 0.734358 8.7056 0.954665 8.9316 0.857582 8.7678
76 4.53 0.785544 9.022 1.01396 9.34 0.879615 9.1228
77 4.59 0.875414 9.384 1.09693 9.7936 0.970684 9.525
78 4.65 0.823751 9.7336 1.08106 10.2524 1.01258 9.9556
79 4.71 0.970092 10.156 1.12994 10.7444 1.0172 10.3994
80 4.77 1.02466 10.6136 1.11333 11.2416 1.04809 10.8684
81 4.83 1.03867 11.0892 1.18106 11.7824 1.0876 11.3674
82 4.89 1.08152 11.5968 1.1659 12.3296 1.12656 11.8972
83 4.95 1.11867 12.1348 1.18438 12.8992 1.17039 12.4612
84 5.01 1.17567 12.714 1.18703 13.484 1.18993 13.0486
85 5.07 1.19161 13.3152 1.19558 14.0872 1.20466 13.6576
86 5.13 1.21966 13.9452 1.19952 14.7068 1.23461 14.2966
87 5.19 1.18935 14.574 1.22869 15.3564 1.25568 14.9618
88 5.25 1.2126 15.23 1.16306 15.9856 1.2788 15.655
89 5.31 1.26269 15.9288 1.16945 16.6328 1.23383 16.3392
90 5.37 1.19364 16.6044 1.1371 17.2764 1.21594 17.0288
91 5.43 1.26003 17.3336 1.12594 17.928 1.18232 17.7144
92 5.49 1.21641 18.0532 1.13865 18.6016 1.15864 18.4012
93 5.55 1.15717 18.7528 1.04866 19.2356 1.15782 19.1026
94 5.61 1.18435 19.4844 1.05938 19.89 1.08698 19.7754
95 5.67 1.11758 20.1896 0.990165 20.5148 1.06537 20.449
96 5.73 1.12409 20.914 0.985055 21.1496 1.03915 21.12
97 5.79 1.05836 21.6104 0.959274 21.7808 1.02197 21.7938
98 5.85 1.05642 22.32 0.970664 22.4328 1.00081 22.4674
99 5.91 0.990731 22.9992 0.918381 23.0624 0.968951 23.133
100 5.97 0.988643 23.6908 0.920599 23.7064 0.922467 23.7796
101 6.03 0.984199 24.3932 0.869862 24.3272 0.923498 24.44
102 6.09 0.947318 25.0828 0.868192 24.9592 0.91444 25.107
103 6.15 0.948861 25.7872 0.898212 25.626 0.909859 25.7838
104 6.21 0.945411 26.5028 0.874069 26.2876 0.863091 26.4384
105 6.27 0.898892 27.1964 0.911333 26.9908 0.863983 27.1064
106 6.33 0.903802 27.9072 0.873286 27.6776 0.854535 27.7798
107 6.39 0.877925 28.6108 0.907373 28.4048 0.883641 28.4894
108 6.45 0.903796 29.3488 0.928779 29.1632 0.885367 29.2138
109 6.51 0.872306 30.0744 0.930973 29.9376 0.886639 29.9528
110 6.57 0.891856 30.83 0.933404 30.7284 0.883476 30.7028
111 6.63 0.898505 31.6052 0.912414 31.5156 0.882364 31.4656
112 6.69 0.887469 32.3848 0.954405 32.354 0.906826 32.2638
113 6.75 0.905309 33.1944 0.937066 33.192 0.924702 33.0924
114 6.81 0.917551 34.0296 1.01511 34.116 0.949266 33.9582
115 6.87 0.89814 34.8616 1.00523 35.0472 0.963138 34.8522
116 6.93 0.978134 35.7836 1.06385 36.05 0.986342 35.7838
117 6.99 0.923875 36.6696 1.03691 37.0444 0.973853 36.7196
118 7.05 1.00498 37.65 1.0464 38.0652 1.00441 37.7014
119 7.11 0.973984 38.6164 1.04977 39.1068 0.994164 38.6898
120 7.17 1.00255 39.628 1.08143 40.198 1.01419 39.7152
121 7.23 1.01249 40.6668 1.0195 41.244 1.04159 40.786
122 7.29 1.02733 41.7384 1.05303 42.3424 1.05724 41.891
123 7.35 1.02761 42.828 1.04798 43.4536 1.06772 43.0254
124 7.41 1.04666 43.956 1.08749 44.6256 1.0542 44.1638
125 7.47 1.08653 45.146 1.06936 45.7968 1.0829 45.3522
126 7.53 1.09264 46.362 1.02579 46.9384 1.07701 46.5532
127 7.59 1.06022 47.5608 1.0765 48.1556 1.08193 47.779
128 7.65 1.07395 48.7944 1.06908 49.3836 1.07476 49.016
129 7.71 1.08747 50.0632 1.06279 50.6236 1.05108 50.2448
130 7.77 1.0802 51.3432 1.04779 51.8652 1.07197 51.5176
131 7.83 1.0401 52.5948 1.02481 53.0984 1.06639 52.8034
132 7.89 1.04464 53.8712 1.04792 54.3788 1.05088 54.09
133 7.95 1.06601 55.1936 0.987337 55.6036 1.03508 55.3766
134 8.01 1.04407 56.5084 1.0104 56.876 1.03421 56.6816
135 8.07 1.02891 57.8236 1.01546 58.174 1.01296 57.979
136 8.13 1.01933 59.146 1.01317 59.4884 1.00791 59.2892
137 8.19 1.02542 60.496 0.988047 60.7892 1.00093 60.6096
138 8.25 1.02403 61.864 0.940192 62.0452 1.01496 61.9682
139 8.31 1.01992 63.2464 0.967981 63.3572 1.00345 63.331
140 8.37 1.03095 64.664 0.975679 64.6988 0.990131 64.6952
141 8.43 0.9974 66.0552 0.946067 66.0184 0.963351 66.0416
142 8.49 0.960451 67.414 0.943204 67.3528 0.958389 67.4002
143 8.55 0.962909 68.7956 0.978799 68.7572 0.952636 68.7698
144 8.61 0.972627 70.2108 0.94981 70.1392 0.956964 70.165
145 8.67 0.981172 71.6584 0.965719 71.564 0.947688 71.566
146 8.73 0.96586 73.1032 0.963454 73.0052 0.980875 73.0362
147 8.79 0.943751 74.5344 0.957731 74.4576 0.966871 74.5054
148 8.85 0.979656 76.0404 0.976013 75.958 0.978995 76.0134
149 8.91 0.958035 77.5332 0.961372 77.456 0.979048 77.542
150 8.97 0.952353 79.0372 0.968057 78.9848 0.971935 79.08
151 9.03 0.978979 80.604 0.978729 80.5512 0.982134 80.655
152 9.09 0.967577 82.1732 0.979663 82.14 0.999365 82.279
153 9.15 0.990468 83.8008 0.976837 83.7452 0.987759 83.9054
154 9.21 0.958625 85.3968 1.02037 85.444 0.991955 85.5602
155 9.27 0.94175 86.9852 0.978509 87.0944 0.992292 87.2372
156 9.33 0.966901 88.6372 0.992888 88.7908 1.01275 88.971
157 9.39 0.992259 90.3544 0.979777 90.4864 1.01115 90.7244
158 9.45 1.00024 92.1076 1.0315 92.2944 0.990266 92.4636
159 9.51 1.00005 93.8828 0.99667 94.0636 1.00637 94.2536
160 9.57 1.01136 95.7008 1.00891 95.8772 1.00756 96.0684
161 9.63 0.978138 97.4812 1.01835 97.7308 1.00996 97.9104
162 9.69 0.999488 99.3232 0.98755 99.5508 1.00518 99.7666
163 9.75 1.01081 101.209 1.00716 101.43 1.01916 101.672
164 9.81 1.03723 103.168 1.00377 103.326 1.02089 103.604
165 9.87 1.02403 105.126 1.02361 105.283 1.02512 105.568
166 9.93 1.04249 107.144 1.01521 107.248 1.01338 107.533
167 9.99 1.03756 109.176 1.03429 109.274 1.03681 109.568
168 10.05 1.001 111.161 1.02682 111.31 1.04843 111.651
169 10.11 1.03182 113.231 1.02963 113.375 1.02229 113.706
170 10.17 1.00549 115.272 0.996035 115.397 1.026 115.793
171 10.23 1.01769 117.362 0.995875 117.443 1.01458 117.881
172 10.29 0.98699 119.414 0.991032 119.502 1.02843 120.023
173 10.35 1.02029 121.559 1.03075 121.67 1.01597 122.163
174 10.41 1.02003 123.728 1.02229 123.844 0.995658 124.285
175 10.47 0.999451 125.879 0.994989 125.985 1.00126 126.444
176 10.53 1.02375 128.107 0.993607 128.147 0.999324 128.623
177 10.59 1.00491 130.319 1.00037 130.349 1.02086 130.875
178 10.65 0.999193 132.543 1.01285 132.604 1.00715 133.121
179 10.71 0.998867 134.792 0.980389 134.811 1.00228 135.382
180 10.77 0.985484 137.036 0.985308 137.054 0.986845 137.633
181 10.83 1.0262 139.398 1.00518 139.368 1.0049 139.951
182 10.89 0.970415 141.657 0.98949 141.672 0.978593 142.234
183 10.95 0.985135 143.975 0.989894 144.001 0.990713 144.57
184 11.01 0.98401 146.316 1.00654 146.396 1.00671 146.97
185 11.07 1.01545 148.759 1.00597 148.816 0.978977 149.329
186 11.13 0.97508 151.13 0.988406 151.219 0.976988 151.71
187 11.19 1.00046 153.588 0.98581 153.642 0.982539 154.129
188 11.25 0.983374 156.031 0.980314 156.077 1.00664 156.635
189 11.31 0.991608 158.521 0.975357 158.526 0.990181 159.126
190 11.37 0.997092 161.051 0.974549 160.998 0.985658 161.632
191 11.43 0.97308 163.546 0.992735 163.544 0.998689 164.198
192 11.49 0.988106 166.106 0.989341 166.108 1.00492 166.807
193 11.55 0.998796 168.722 1.00261 168.733 0.98361 169.388
194 11.61 0.994698 171.353 1.00483 171.391 0.982071 171.991
195 11.67 0.988087 173.994 0.991978 174.043 1.0006 174.671
196 11.73 1.006 176.711 0.987781 176.71 1.01093 177.407
197 11.79 0.987722 179.406 0.988308 179.407 1.02291 180.203
198 11.85 0.99458 182.147 1.00387 182.174 1.0112 182.996
199 11.91 0.990044 184.904 1.01705 185.005 0.989641 185.756
200 11.97 1.01072 187.746 1.00575 187.834 1.01332 188.612
35000 200
1 0.03 0 0 0 0 0 0
2 0.09 0 0 0 0 0 0
3 0.15 0 0 0 0 0 0
4 0.21 0 0 0 0 0 0
5 0.27 0 0 0 0 0 0
6 0.33 0 0 0 0 0 0
7 0.39 0 0 0 0 0 0
8 0.45 0 0 0 0 0 0
9 0.51 0 0 0 0 0 0
10 0.57 0 0 0 0 0 0
11 0.63 0 0 0 0 0 0
12 0.69 0 0 0 0 0 0
13 0.75 0 0 0 0 0 0
14 0.81 0 0 0 0 0 0
15 0.87 0 0 0 0 0 0
16 0.93 0 0 0 0 0 0
17 0.99 0 0 0 0 0 0
18 1.05 0 0 0 0 0 0
19 1.11 0 0 0 0 0 0
20 1.17 0 0 0 0 0 0
21 1.23 0 0 0 0 0 0
22 1.29 0 0 0 0 0 0
23 1.35 0 0 0 0 0 0
24 1.41 0 0 0 0 0 0
25 1.47 0 0 0 0 0 0
26 1.53 0 0 0 0 0 0
27 1.59 0 0 0 0 0 0
28 1.65 0 0 0 0 0 0
29 1.71 0 0 0 0 0 0
30 1.77 0 0 0 0 0 0
31 1.83 0 0 0 0 0 0
32 1.89 0 0 0 0 0 0
33 1.95 0 0 0 0 0 0
34 2.01 0 0 0 0 0 0
35 2.07 0 0 0 0 0 0
36 2.13 0 0 0 0 0 0
37 2.19 0 0 0.0424895 0.004 0.00212022 0.0002
38 2.25 0 0 0.221395 0.026 0.00200866 0.0004
39 2.31 0 0 0.714151 0.1008 0.0438305 0.005
40 2.37 0 0 1.34602 0.2492 0.22087 0.0294
41 2.43 0.0276091 0.0032 2.1259 0.4956 0.623406 0.1018
42 2.49 0.236652 0.032 2.67548 0.8212 1.30062 0.2604
43 2.55 0.554715 0.1028 2.68896 1.1644 1.93293 0.5076
44 2.61 1.12782 0.2536 2.77317 1.5352 2.48549 0.8406
45 2.67 1.78664 0.5036 2.52988 1.8892 2.66461 1.2142
46 2.73 2.22029 0.8284 2.08904 2.1948 2.75208 1.6176
47 2.79 2.63372 1.2308 2.10488 2.5164 2.6585 2.0246
48 2.85 2.73475 1.6668 1.86916 2.8144 2.43131 2.413
49 2.91 2.51725 2.0852 1.5065 3.0648 2.2132 2.7816
50 2.97 2.36344 2.4944 1.44163 3.3144 1.92294 3.1152
51 3.03 2.2175 2.894 1.31407 3.5512 1.64152 3.4116
52 3.09 1.87823 3.246 1.07571 3.7528 1.4623 3.6862
53 3.15 1.74986 3.5868 1.04745 3.9568 1.33846 3.9474
54 3.21 1.59803 3.91 0.903837 4.1396 1.19909 4.1904
55 3.27 1.35697 4.1948 0.907185 4.33 1.07085 4.4156
56 3.33 1.06408 4.4264 0.819655 4.5084 0.959243 4.6248
57 3.39 1.10478 4.6756 0.753659 4.6784 0.947711 4.839
58 3.45 1.03586 4.9176 0.753356 4.8544 0.803112 5.027
59 3.51 0.898197 5.1348 0.716242 5.0276 0.799002 5.2206
60 3.57 0.857067 5.3492 0.6428 5.1884 0.678218 5.3906
61 3.63 0.776385 5.55 0.644926 5.3552 0.712321 5.5752
62 3.69 0.713925 5.7408 0.640587 5.5264 0.627356 5.7432
63 3.75 0.723145 5.9404 0.66083 5.7088 0.700004 5.9368
64 3.81 0.633161 6.1208 0.586832 5.876 0.640302 6.1196
65 3.87 0.628649 6.3056 0.713013 6.0856 0.636218 6.307
66 3.93 0.68613 6.5136 0.68613 6.2936 0.611673 6.4928
67 3.99 0.718134 6.738 0.66821 6.5024 0.597887 6.68
68 4.05 0.6088 6.934 0.747955 6.7432 0.639202 6.8862
69 4.11 0.606839 7.1352 0.705767 6.9772 0.636328 7.0976
70 4.17 0.615285 7.3452 0.73131 7.2268 0.694174 7.335
71 4.23 0.645791 7.572 0.776771 7.4996 0.714405 7.5864
72 4.29 0.673254 7.8152 0.851533 7.8072 0.766394 7.8638
73 4.35 0.69035 8.0716 0.855129 8.1248 0.757221 8.1456
74 4.41 0.779625 8.3692 0.968244 8.4944 0.81676 8.458
75 4.47 0.782295 8.676 1.00158 8.8872 0.84384 8.7896
76 4.53 0.85804 9.0216 1.04772 9.3092 0.956427 9.1756
77 4.59 0.851232 9.3736 1.07178 9.7524 0.923863 9.5584
78 4.65 0.901037 9.756 1.0754 10.2088 1.05538 10.0072
79 4.71 0.946207 10.168 1.1529 10.7108 1.01445 10.4498
80 4.77 0.961963 10.5976 1.14827 11.2236 1.09189 10.9384
81 4.83 1.05614 11.0812 1.13651 11.744 1.10591 11.4458
82 4.89 1.11902 11.6064 1.223 12.318 1.11636 11.9708
83 4.95 1.11368 12.142 1.16109 12.8764 1.14922 12.5246
84 5.01 1.12289 12.6952 1.25118 13.4928 1.21059 13.1222
85 5.07 1.19399 13.2976 1.18368 14.09 1.17222 13.7148
86 5.13 1.22275 13.9292 1.21191 14.716 1.23461 14.3538
87 5.19 1.24534 14.5876 1.17271 15.336 1.21944 14.9998
88 5.25 1.21408 15.2444 1.25031 16.0124 1.20759 15.6544
89 5.31 1.19547 15.906 1.17812 16.6644 1.19669 16.318
90 5.37 1.25724 16.6176 1.13286 17.3056 1.20959 17.004
91 5.43 1.24897 17.3404 1.11488 17.9508 1.17542 17.6856
92 5.49 1.21438 18.0588 1.08929 18.5952 1.13907 18.3608
93 5.55 1.23524 18.8056 1.0963 19.258 1.16146 19.0644
94 5.61 1.19147 19.5416 1.08074 19.9256 1.1054 19.7486
95 5.67 1.13406 20.2572 1.01869 20.5684 1.09921 20.4436
96 5.73 1.08437 20.956 0.983813 21.2024 1.04038 21.1154
97 5.79 1.05593 21.6508 0.964745 21.8372 1.02136 21.7888
98 5.85 1.03974 22.3492 0.920046 22.4552 0.979717 22.4482
99 5.91 1.01524 23.0452 0.91488 23.0824 0.973318 23.1168
100 5.97 0.929176 23.6952 0.930891 23.7336 0.953567 23.7852
101 6.03 0.98476 24.398 0.86762 24.3528 0.912032 24.4374
102 6.09 0.946219 25.0868 0.905008 25.0116 0.906488 25.0986
103 6.15 0.895517 25.7516 0.86696 25.6552 0.889156 25.76
104 6.21 0.847646 26.3932 0.8598 26.306 0.90502 26.4464
105 6.27 0.921183 27.104 0.89941 27 0.871226 27.12
106 6.33 0.857519 27.7784 0.877355 27.69 0.903771 27.8322
107 6.39 0.910367 28.508 0.856464 28.3764 0.869943 28.5308
108 6.45 0.849911 29.202 0.899387 29.1108 0.908833 29.2744
109 6.51 0.871825 29.9272 0.874711 29.8384 0.909674 30.0326
110 6.57 0.892328 30.6832 0.925378 30.6224 0.911512 30.8064
111 6.63 0.865124 31.4296 0.888769 31.3892 0.894626 31.5798
112 6.69 0.870166 32.194 0.944388 32.2188 0.94568 32.4122
113 6.75 0.887417 32.9876 0.964351 33.0812 0.961083 33.2734
114 6.81 0.8947 33.802 0.959737 33.9548 0.949924 34.1398
115 6.87 0.948228 34.6804 0.945205 34.8304 0.994596 35.063
116 6.93 0.924241 35.5516 1.01378 35.786 0.99693 36.0046
117 6.99 0.942645 36.4556 1.03399 36.7776 0.99758 36.9632
118 7.05 1.00703 37.438 0.977922 37.7316 1.02753 37.9676
119 7.11 1.00261 38.4328 1.03244 38.756 1.01126 38.973
120 7.17 0.996601 39.4384 1.05805 39.8236 1.01597 40.0002
121 7.23 1.02028 40.4852 1.0698 40.9212 1.05443 41.0842
122 7.29 1.00893 41.5376 1.035 42.0008 1.05456 42.1864
123 7.35 1.04949 42.6504 1.06118 43.126 1.07224 43.3256
124 7.41 1.03404 43.7648 1.0578 44.266 1.06254 44.473
125 7.47 1.03247 44.8956 1.04854 45.4144 1.08435 45.663
126 7.53 1.04987 46.064 1.06748 46.6024 1.0562 46.8408
127 7.59 1.11647 47.3264 1.07579 47.8188 1.07982 48.0642
128 7.65 1.05445 48.5376 1.05236 49.0276 1.06677 49.292
129 7.71 1.02782 49.7368 1.05696 50.2608 1.06255 50.5342
130 7.77 1.06264 50.996 1.07243 51.5316 1.06523 51.799
131 7.83 1.0667 52.2796 1.03312 52.7748 1.05245 53.068
132 7.89 1.07836 53.5972 1.03024 54.0336 1.03716 54.3378
133 7.95 1.05795 54.9096 1.03635 55.3192 1.05165 55.645
134 8.01 1.04598 56.2268 1.01453 56.5968 1.03596 56.9522
135 8.07 1.05927 57.5808 0.999186 57.874 1.02576 58.266
136 8.13 1.04523 58.9368 0.990968 59.1596 1.02514 59.5986
137 8.19 1.01813 60.2772 0.992908 60.4668 1.02534 60.9512
138 8.25 1.00427 61.6188 0.991992 61.792 0.99987 62.2896
139 8.31 1.00103 62.9756 0.949978 63.0796 0.995792 63.642
140 8.37 1.01524 64.3716 0.989933 64.4408 0.987808 65.003
141 8.43 1.02264 65.798 0.972737 65.7976 0.982955 66.3768
142 8.49 0.968085 67.1676 0.96554 67.1636 0.974613 67.7584
143 8.55 0.989393 68.5872 0.95343 68.5316 0.965991 69.1472
144 8.61 0.983899 70.0188 0.94871 69.912 0.954495 70.5388
145 8.67 0.990662 71.4804 0.97087 71.3444 0.959864 71.9578
146 8.73 0.950886 72.9028 0.950351 72.766 0.936308 73.3612
147 8.79 0.940059 74.3284 0.947444 74.2028 0.964766 74.8272
148 8.85 0.927876 75.7548 0.965865 75.6876 0.9751 76.3292
149 8.91 0.941862 77.2224 0.952901 77.1724 0.951635 77.815
150 8.97 0.959952 78.7384 0.971096 78.706 0.959169 79.3328
151 9.03 0.97248 80.2948 0.989726 80.29 0.96193 80.8754
152 9.09 0.963138 81.8568 0.987555 81.8916 0.982011 82.4712
153 9.15 0.943002 83.4064 0.996067 83.5284 0.968081 84.0652
154 9.21 0.951177 84.99 0.981209 85.162 1.00155 85.736
155 9.27 1.00104 86.6784 1.0129 86.8704 0.974895 87.3836
156 9.33 0.970413 88.3364 1.01489 88.6044 1.02233 89.1338
157 9.39 0.977004 90.0272 1.01514 90.3612 1.0025 90.8722
158 9.45 0.988371 91.7596 1.00389 92.1208 0.99334 92.6168
159 9.51 1.01312 93.558 0.986304 93.8716 1.00154 94.3982
160 9.57 1.01559 95.3836 1.04207 95.7448 1.01722 96.2304
161 9.63 1.00143 97.2064 1.03198 97.6232 1.00053 98.0552
162 9.69 1.0238 99.0932 1.00405 99.4736 1.03659 99.9694
163 9.75 1.01081 100.979 1.04725 101.428 1.00771 101.853
164 9.81 1.01309 102.893 1.0349 103.382 1.0285 103.8
165 9.87 1.00981 104.824 1.02717 105.346 1.02564 105.765
166 9.93 1.03092 106.819 1.02286 107.326 1.00823 107.72
167 9.99 1.0345 108.845 1.02388 109.332 1.03457 109.751
168 10.05 1.01653 110.86 1.01835 111.35 0.996578 111.73
169 10.11 1.01826 112.903 1.00809 113.373 1.03513 113.811
170 10.17 1.02264 114.979 1.04628 115.497 1.0432 115.933
171 10.23 1.01885 117.072 0.99568 117.542 1.01925 118.031
172 10.29 1.01451 119.18 1.02625 119.675 1.01604 120.147
173 10.35 1.01039 121.305 1.01306 121.805 1.02575 122.308
174 10.41 1.00499 123.442 0.982044 123.894 1.00485 124.449
175 10.47 1.05169 125.705 1.00763 126.062 0.996524 126.598
176 10.53 0.995445 127.872 0.992688 128.222 1.00373 128.787
177 10.59 1.02127 130.12 1.00364 130.431 1.01206 131.019
178 10.65 1.01087 132.37 0.971163 132.593 1.01898 133.292
179 10.71 0.997623 134.616 0.977724 134.794 0.991372 135.528
180 10.77 1.02519 136.95 0.979335 137.024 0.992631 137.793
181 10.83 1.01039 139.276 0.988669 139.3 1.01002 140.122
182 10.89 1.01269 141.633 0.9699 141.558 0.984767 142.419
183 10.95 0.990744 143.965 0.988364 143.884 0.993258 144.761
184 11.01 0.997796 146.339 0.97779 146.21 0.982294 147.103
185 11.07 0.990668 148.722 1.01179 148.644 0.987276 149.483
186 11.13 0.991202 151.132 0.979522 151.025 0.985936 151.885
187 11.19 0.960094 153.491 0.98288 153.441 0.994152 154.333
188 11.25 0.983052 155.933 0.971297 155.854 0.978996 156.77
189 11.31 0.981571 158.398 0.966595 158.28 0.97921 159.233
190 11.37 0.971712 160.863 0.991575 160.796 0.981646 161.729
191 11.43 1.00319 163.436 0.994607 163.347 0.984445 164.258
192 11.49 0.979461 165.974 0.986871 165.904 1.0134 166.889
193 11.55 0.969006 168.511 1.01071 168.55 0.990928 169.489
194 11.61 1.00196 171.162 0.995605 171.184 0.996783 172.132
195 11.67 0.989883 173.808 0.98689 173.822 1.00911 174.834
196 11.73 0.980079 176.454 1.01548 176.565 1.00103 177.543
197 11.79 0.997692 179.176 0.996519 179.284 1.00594 180.293
198 11.85 0.985727 181.893 1.00242 182.046 1.00686 183.074
199 11.91 1.00599 184.694 1.02639 184.904 0.99466 185.849
200 11.97 0.982419 187.457 1.0039 187.727 1.00466 188.68
40000 200
1 0.03 0 0 0 0 0 0
2 0.09 0 0 0 0 0 0
3 0.15 0 0 0 0 0 0
4 0.21 0 0 0 0 0 0
5 0.27 0 0 0 0 0 0
6 0.33 0 0 0 0 0 0
7 0.39 0 0 0 0 0 0
8 0.45 0 0 0 0 0 0
9 0.51 0 0 0 0 0 0
10 0.57 0 0 0 0 0 0
11 0.63 0 0 0 0 0 0
12 0.69 0 0 0 0 0 0
13 0.75 0 0 0 0 0 0
14 0.81 0 0 0 0 0 0
15 0.87 0 0 0 0 0 0
16 0.93 0 0 0 0 0 0
17 0.99 0 0 0 0 0 0
18 1.05 0 0 0 0 0 0
19 1.11 0 0 0 0 0 0
20 1.17 0 0 0 0 0 0
21 1.23 0 0 0 0 0 0
22 1.29 0 0 0 0 0 0
23 1.35 0 0 0 0 0 0
24 1.41 0 0 0 0 0 0
25 1.47 0 0 0 0 0 0
26 1.53 0 0 0 0 0 0
27 1.59 0 0 0 0 0 0
28 1.65 0 0 0 0 0 0
29 1.71 0 0 0 0 0 0
30 1.77 0 0 0 0 0 0
31 1.83 0 0 0 0 0 0
32 1.89 0 0 0 0 0 0
33 1.95 0 0 0 0 0 0
34 2.01 0 0 0 0 0 0
35 2.07 0 0 0 0 0 0
36 2.13 0 0 0.00449168 0.0004 0 0
37 2.19 0 0 0.0637342 0.0064 0 0
38 2.25 0 0 0.213345 0.0276 0.00602598 0.0006
39 2.31 0 0 0.698875 0.1008 0.0362078 0.0044
40 2.37 0.00362808 0.0004 1.29522 0.2436 0.190093 0.0254
41 2.43 0.0276091 0.0036 2.12245 0.4896 0.659571 0.102
42 2.49 0.177489 0.0252 2.43554 0.786 1.24322 0.2536
43 2.55 0.58292 0.0996 2.67642 1.1276 1.93762 0.5014
44 2.61 1.15175 0.2536 2.833 1.5064 2.40786 0.824
45 2.67 1.91241 0.5212 2.52702 1.86 2.74877 1.2094
46 2.73 2.31052 0.8592 2.31326 2.1984 2.81211 1.6216
47 2.79 2.54471 1.248 1.96874 2.4992 2.59971 2.0196
48 2.85 2.70213 1.6788 1.76379 2.7804 2.37873 2.3996
49 2.91 2.68331 2.1248 1.52335 3.0336 2.2108 2.7678
50 2.97 2.30106 2.5232 1.46473 3.2872 1.92294 3.1014
51 3.03 2.09985 2.9016 1.23194 3.5092 1.74564 3.4166
52 3.09 1.91238 3.26 1.112 3.7176 1.52407 3.7028
53 3.15 1.70672 3.5924 0.955026 3.9036 1.36818 3.9698
54 3.21 1.52288 3.9004 0.862304 4.078 1.28495 4.2302
55 3.27 1.37221 4.1884 0.882409 4.2632 1.10223 4.462
56 3.33 1.2497 4.4604 0.843547 4.4468 0.906971 4.6598
57 3.39 1.07463 4.7028 0.727059 4.6108 0.883115 4.8594
58 3.45 0.974226 4.9304 0.672884 4.768 0.849248 5.0582
59 3.51 0.856844 5.1376 0.71955 4.942 0.744524 5.2386
60 3.57 0.85227 5.3508 0.714756 5.1208 0.718114 5.4186
61 3.63 0.75164 5.5452 0.67895 5.2964 0.682995 5.5956
62 3.69 0.728892 5.74 0.609156 5.4592 0.669927 5.775
63 3.75 0.739086 5.944 0.614456 5.6288 0.644322 5.9532
64 3.81 0.685106 6.1392 0.613507 5.8036 0.624189 6.1314
65 3.87 0.647699 6.3296 0.676274 6.0024 0.650477 6.323
66 3.93 0.605642 6.5132 0.657102 6.2016 0.634059 6.5156
67 3.99 0.618287 6.7064 0.711734 6.424 0.692425 6.7324
68 4.05 0.611285 6.9032 0.73056 6.6592 0.642922 6.9398
69 4.11 0.602013 7.1028 0.732308 6.902 0.680877 7.166
70 4.17 0.611769 7.3116 0.773501 7.166 0.715227 7.4106
71 4.23 0.66857 7.5464 0.83258 7.4584 0.697355 7.656
72 4.29 0.707581 7.802 0.850425 7.7656 0.737108 7.9228
73 4.35 0.731276 8.0736 0.887439 8.0952 0.755072 8.2038
74 4.41 0.754476 8.3616 0.921089 8.4468 0.852317 8.5298
75 4.47 0.809833 8.6792 0.960785 8.8236 0.822973 8.8532
76 4.53 0.775613 8.9916 0.937488 9.2012 0.929667 9.2284
77 4.59 0.835755 9.3372 1.0476 9.6344 0.969718 9.6302
78 4.65 0.893497 9.7164 1.07163 10.0892 0.964138 10.0402
79 4.71 0.942533 10.1268 1.07022 10.5552 1.00024 10.4766
80 4.77 1.00227 10.5744 1.16707 11.0764 1.12183 10.9786
81 4.83 1.02207 11.0424 1.16709 11.6108 1.12988 11.497
82 4.89 1.06448 11.542 1.20936 12.1784 1.11763 12.0226
83 4.95 1.1403 12.0904 1.23428 12.772 1.18409 12.5932
84 5.01 1.12695 12.6456 1.2049 13.3656 1.20087 13.186
85 5.07 1.16545 13.2336 1.20113 13.9716 1.21613 13.8008
86 5.13 1.14919 13.8272 1.18791 14.5852 1.24504 14.4452
87 5.19 1.18935 14.456 1.23853 15.24 1.2319 15.0978
88 5.25 1.23034 15.1216 1.16824 15.872 1.27622 15.7896
89 5.31 1.18101 15.7752 1.11813 16.4908 1.26088 16.4888
90 5.37 1.25371 16.4848 1.08975 17.1076 1.217 17.179
91 5.43 1.26279 17.2156 1.14667 17.7712 1.173 17.8592
92 5.49 1.18666 17.9176 1.05886 18.3976 1.15527 18.544
93 5.55 1.18297 18.6328 1.0738 19.0468 1.14396 19.237
94 5.61 1.15133 19.344 1.06132 19.7024 1.1193 19.9298
95 5.67 1.15371 20.072 0.992067 20.3284 1.08182 20.6138
96 5.73 1.12533 20.7972 0.960227 20.9472 1.04565 21.289
97 5.79 1.10031 21.5212 0.977511 21.5904 1.01378 21.9574
98 5.85 1.00758 22.198 0.926597 22.2128 1.013 22.6392
99 5.91 1.04499 22.9144 0.927716 22.8488 0.961964 23.3
100 5.97 0.946901 23.5768 0.839403 23.436 0.9296 23.9516
101 6.03 0.957857 24.2604 0.840717 24.036 0.939999 24.6238
102 6.09 0.929735 24.9372 0.906656 24.696 0.91444 25.2908
103 6.15 0.898212 25.604 0.836786 25.3172 0.904212 25.9634
104 6.21 0.914232 26.296 0.88728 25.9888 0.889461 26.638
105 6.27 0.88334 26.9776 0.881266 26.6688 0.879245 27.3178
106 6.33 0.913466 27.696 0.947034 27.4136 0.870524 28.0038
107 6.39 0.87543 28.3976 0.890902 28.1276 0.88663 28.7158
108 6.45 0.882732 29.1184 0.89155 28.8556 0.882433 29.4378
109 6.51 0.853552 29.8284 0.897793 29.6024 0.883999 30.1746
110 6.57 0.866361 30.5624 0.885719 30.3528 0.917166 30.9532
111 6.63 0.878569 31.3204 0.924932 31.1508 0.897171 31.7288
112 6.69 0.880184 32.0936 0.951673 31.9868 0.934319 32.5512
113 6.75 0.880708 32.8812 0.942434 32.8296 0.940772 33.3942
114 6.81 0.943917 33.7404 0.986104 33.7272 0.961545 34.2712
115 6.87 0.916707 34.5896 0.953841 34.6108 0.944177 35.1476
116 6.93 0.921271 35.458 0.988319 35.5424 0.990577 36.0832
117 6.99 0.968922 36.3872 1.01522 36.516 0.976558 37.0216
118 7.05 0.962341 37.326 1.04025 37.5308 1.01525 38.014
119 7.11 0.979225 38.2976 1.03083 38.5536 1.03178 39.0398
120 7.17 1.02792 39.3348 1.02673 39.5896 1.03892 40.0902
121 7.23 1.00703 40.368 1.07993 40.6976 1.03711 41.1564
122 7.29 1.0607 41.4744 1.06952 41.8132 1.07618 42.2812
123 7.35 1.04043 42.5776 1.05929 42.9364 1.06282 43.4104
124 7.41 1.05817 43.718 1.07524 44.0952 1.05716 44.552
125 7.47 1.08068 44.9016 1.06315 45.2596 1.0849 45.7426
126 7.53 1.05239 46.0728 1.09192 46.4748 1.07396 46.9402
127 7.59 1.06659 47.2788 1.05456 47.6672 1.08494 48.1694
128 7.65 1.08997 48.5308 1.07674 48.904 1.06069 49.3902
129 7.71 1.09879 49.8128 1.08199 50.1664 1.07367 50.6454
130 7.77 1.03901 51.044 1.04745 51.4076 1.05799 51.9016
131 7.83 1.06271 52.3228 1.03611 52.6544 1.06606 53.187
132 7.89 1.07018 53.6304 1.05446 53.9428 1.05562 54.4794
133 7.95 1.07666 54.966 1.05537 55.252 1.04506 55.7784
134 8.01 1.05074 56.2892 0.995789 56.506 1.03976 57.0904
135 8.07 1.02766 57.6028 0.99105 57.7728 1.00968 58.3836
136 8.13 1.01224 58.916 0.987576 59.054 1.01222 59.6994
137 8.19 1.02238 60.262 0.968602 60.3292 1.017 61.041
138 8.25 1.04739 61.6612 0.98271 61.642 0.999272 62.3786
139 8.31 1.02346 63.0484 0.942601 62.9196 0.99373 63.7282
140 8.37 0.996042 64.418 0.979461 64.2664 0.974599 65.071
141 8.43 1.00342 65.8176 0.942913 65.5816 0.971507 66.4288
142 8.49 0.943769 67.1528 0.965257 66.9472 0.954297 67.7816
143 8.55 0.967369 68.5408 0.958448 68.3224 0.958618 69.1598
144 8.61 0.946511 69.918 0.96548 69.7272 0.95038 70.5454
145 8.67 0.947825 71.3164 0.961381 71.1456 0.954317 71.9562
146 8.73 0.938852 72.7208 0.965058 72.5892 0.954321 73.3866
147 8.79 0.950346 74.162 0.946125 74.024 0.973058 74.8652
148 8.85 0.955977 75.6316 0.970289 75.5156 0.947444 76.3246
149 8.91 0.932107 77.084 0.957008 77.0068 0.967776 77.8356
150 8.97 0.955139 78.5924 0.992372 78.574 0.970544 79.3714
151 9.03 0.964982 80.1368 0.980728 80.1436 0.975649 80.936
152 9.09 0.974977 81.718 1.00211 81.7688 0.98238 82.5324
153 9.15 0.9856 83.3376 1.00215 83.4156 0.975005 84.1378
154 9.21 0.968716 84.9504 0.978807 85.0452 0.966659 85.7504
155 9.27 1.0008 86.6384 0.982304 86.702 0.96389 87.3794
156 9.33 0.968306 88.2928 0.991717 88.3964 0.996977 89.0862
157 9.39 1.01722 90.0532 1.00728 90.1396 1.00723 90.8328
158 9.45 1.01188 91.8268 1.02968 91.9444 1.0176 92.62
159 9.51 0.989909 93.584 1.01177 93.7404 1.0012 94.4008
160 9.57 1.02315 95.4232 1.02093 95.5756 1.01 96.22
161 9.63 1.01242 97.266 1.04494 97.4776 1.00404 98.0512
162 9.69 0.997317 99.104 1.03183 99.3792 1.02446 99.943
163 9.75 1.01917 101.006 1.02989 101.301 1.02601 101.861
164 9.81 1.03257 102.956 1.04697 103.278 1.03009 103.811
165 9.87 1.04098 104.946 1.01838 105.226 1.02574 105.776
166 9.93 1.01852 106.918 1.04766 107.253 1.02308 107.76
167 9.99 1.04246 108.96 1.03001 109.271 1.02153 109.765
168 10.05 1.03025 111.002 1.02622 111.305 1.02507 111.801
169 10.11 1.02464 113.058 1.05694 113.426 1.00419 113.82
170 10.17 1.04825 115.186 1.00392 115.464 1.02226 115.899
171 10.23 1.03813 117.318 1.01924 117.557 1.03052 118.02
172 10.29 1.00123 119.399 1.02009 119.677 1.00653 120.116
173 10.35 1.02086 121.545 1.02276 121.828 1.02223 122.27
174 10.41 1.01458 123.703 1.02605 124.01 1.00814 124.418
175 10.47 1.00763 125.871 0.996662 126.154 0.998751 126.572
176 10.53 1.01217 128.074 1.02007 128.374 0.999508 128.751
177 10.59 0.995282 130.265 1.01527 130.609 0.984315 130.922
178 10.65 1.00872 132.51 0.999193 132.834 1.0067 133.168
179 10.71 1.00882 134.782 0.993536 135.07 0.994209 135.411
180 10.77 1.00745 137.075 0.999188 137.345 0.985968 137.66
181 10.83 0.994751 139.365 0.998226 139.643 0.962588 139.88
182 10.89 0.982273 141.652 0.993958 141.957 0.969075 142.14
183 10.95 1.01386 144.038 0.984965 144.275 0.965523 144.417
184 11.01 0.978294 146.365 0.994602 146.641 0.980112 146.754
185 11.07 1.01611 148.809 0.992996 149.03 0.965948 149.082
186 11.13 0.998606 151.237 0.975409 151.401 0.960241 151.421
187 11.19 1.00388 153.704 0.989065 153.832 0.974092 153.82
188 11.25 0.987077 156.156 0.999959 156.316 0.982692 156.266
189 11.31 0.988581 158.638 0.997981 158.822 0.997098 158.774
190 11.37 1.00513 161.189 0.984008 161.318 0.979208 161.264
191 11.43 0.976824 163.694 0.988055 163.852 0.991917 163.813
192 11.49 0.986408 166.25 1.0057 166.458 0.986977 166.375
193 11.55 0.995893 168.857 1.00078 169.078 0.979799 168.946
194 11.61 1.02463 171.568 1.00634 171.741 0.988182 171.565
195 11.67 1.00769 174.262 1.00006 174.414 1.00724 174.263
196 11.73 0.999037 176.96 1.01429 177.153 0.989279 176.94
197 11.79 1.00165 179.692 1.02584 179.952 0.989039 179.644
198 11.85 0.999224 182.446 1.00097 182.711 0.992663 182.385
199 11.91 1.0126 185.266 0.983866 185.45 0.9862 185.137
200 11.97 1.00987 188.106 1.0285 188.342 0.999334 187.953
45000 200
1 0.03 0 0 0 0 0 0
2 0.09 0 0 0 0 0 0
3 0.15 0 0 0 0 0 0
4 0.21 0 0 0 0 0 0
5 0.27 0 0 0 0 0 0
6 0.33 0 0 0 0 0 0
7 0.39 0 0 0 0 0 0
8 0.45 0 0 0 0 0 0
9 0.51 0 0 0 0 0 0
10 0.57 0 0 0 0 0 0
11 0.63 0 0 0 0 0 0
12 0.69 0 0 0 0 0 0
13 0.75 0 0 0 0 0 0
14 0.81 0 0 0 0 0 0
15 0.87 0 0 0 0 0 0
16 0.93 0 0 0 0 0 0
17 0.99 0 0 0 0 0 0
18 1.05 0 0 0 0 0 0
19 1.11 0 0 0 0 0 0
20 1.17 0 0 0 0 0 0
21 1.23 0 0 0 0 0 0
22 1.29 0 0 0 0 0 0
23 1.35 0 0 0 0 0 0
24 1.41 0 0 0 0 0 0
25 1.47 0 0 0 0 0 0
26 1.53 0 0 0 0 0 0
27 1.59 0 0 0 0 0 0
28 1.65 0 0 0 0 0 0
29 1.71 0 0 0 0 0 0
30 1.77 0 0 0 0 0 0
31 1.83 0 0 0 0 0 0
32 1.89 0 0 0 0 0 0
33 1.95 0 0 0 0 0 0
34 2.01 0 0 0 0 0 0
35 2.07 0 0 0 0 0 0
36 2.13 0 0 0.00449168 0.0004 0 0
37 2.19 0 0 0.0509874 0.0052 0 0
38 2.25 0 0 0.213345 0.0264 0 0
39 2.31 0 0 0.725608 0.1024 0.0419249 0.0044
40 2.37 0.00362808 0.0004 1.37141 0.2536 0.215439 0.0282
41 2.43 0.0448648 0.0056 1.99476 0.4848 0.659571 0.1048
42 2.49 0.177489 0.0272 2.69849 0.8132 1.29242 0.2624
43 2.55 0.504571 0.0916 2.7297 1.1616 1.87037 0.5016
44 2.61 1.23252 0.2564 2.6565 1.5168 2.46309 0.8316
45 2.67 1.88669 0.5204 2.69853 1.8944 2.72309 1.2134
46 2.73 2.28592 0.8548 2.29138 2.2296 2.7589 1.6178
47 2.79 2.50806 1.238 1.96613 2.53 2.64413 2.0226
48 2.85 2.69962 1.6684 1.77884 2.8136 2.34618 2.3974
49 2.91 2.54854 2.092 1.6148 3.082 2.08111 2.744
50 2.97 2.38654 2.5052 1.45549 3.334 1.92179 3.0774
51 3.03 2.19752 2.9012 1.18977 3.5484 1.74785 3.393
52 3.09 1.96147 3.2688 1.1184 3.758 1.47721 3.6704
53 3.15 1.78066 3.6156 0.989941 3.9508 1.35589 3.935
54 3.21 1.61583 3.9424 0.856371 4.124 1.16948 4.172
55 3.27 1.34934 4.2256 0.909091 4.3148 1.14883 4.4136
56 3.33 1.14494 4.4748 0.838033 4.4972 0.984004 4.6282
57 3.39 1.07995 4.7184 0.757206 4.668 0.909661 4.8338
58 3.45 0.994772 4.9508 0.715688 4.8352 0.838995 5.0302
59 3.51 0.848573 5.156 0.653385 4.9932 0.739572 5.2094
60 3.57 0.83628 5.3652 0.737142 5.1776 0.757211 5.3992
61 3.63 0.748547 5.5588 0.612447 5.336 0.651353 5.568
62 3.69 0.679501 5.7404 0.670521 5.5152 0.687104 5.752
63 3.75 0.684017 5.9292 0.66083 5.6976 0.68048 5.9402
64 3.81 0.644392 6.1128 0.593852 5.8668 0.685137 6.1358
65 3.87 0.670831 6.31 0.606877 6.0452 0.602269 6.3132
66 3.93 0.643907 6.5052 0.670296 6.2484 0.605089 6.497
67 3.99 0.66053 6.7116 0.646449 6.4504 0.640684 6.6976
68 4.05 0.632407 6.9152 0.716893 6.6812 0.667721 6.913
69 4.11 0.606839 7.1164 0.733515 6.9244 0.686295 7.141
70 4.17 0.608253 7.324 0.738342 7.1764 0.674875 7.3718
71 4.23 0.654902 7.554 0.834858 7.4696 0.732592 7.6296
72 4.29 0.657751 7.7916 0.864821 7.782 0.757 7.9036
73 4.35 0.672041 8.0412 0.887439 8.1116 0.806126 8.2036
74 4.41 0.728279 8.3192 0.902227 8.456 0.812577 8.5144
75 4.47 0.797594 8.632 0.930186 8.8208 0.845876 8.8468
76 4.53 0.865985 8.9808 1.00105 9.224 0.895473 9.2082
77 4.59 0.801899 9.3124 1.10854 9.6824 0.942205 9.5986
78 4.65 0.875589 9.684 1.09425 10.1468 1.00411 10.0256
79 4.71 0.893844 10.0732 1.14831 10.6468 1.08413 10.4986
80 4.77 0.988834 10.5148 1.08557 11.1316 1.08071 10.9822
81 4.83 1.0378 10.99 1.16621 11.6656 1.13903 11.5048
82 4.89 1.10624 11.5092 1.24345 12.2492 1.14315 12.0424
83 4.95 1.16359 12.0688 1.17856 12.816 1.16624 12.6044
84 5.01 1.10422 12.6128 1.25118 13.4324 1.21019 13.2018
85 5.07 1.1924 13.2144 1.22095 14.0484 1.20228 13.8096
86 5.13 1.22817 13.8488 1.19875 14.6676 1.20949 14.4356
87 5.19 1.17951 14.4724 1.26274 15.3352 1.23152 15.088
88 5.25 1.25474 15.1512 1.19337 15.9808 1.20132 15.7392
89 5.31 1.22655 15.83 1.23089 16.662 1.21652 16.4138
90 5.37 1.27703 16.5528 1.08198 17.2744 1.18103 17.0836
91 5.43 1.19713 17.2456 1.09276 17.9068 1.17335 17.764
92 5.49 1.20559 17.9588 1.05278 18.5296 1.16269 18.4532
93 5.55 1.19488 18.6812 1.01095 19.1408 1.10962 19.1254
94 5.61 1.20831 19.4276 1.02506 19.774 1.09829 19.8052
95 5.67 1.20823 20.19 1.02503 20.4208 1.08118 20.4888
96 5.73 1.1694 20.9436 0.977606 21.0508 1.05401 21.1694
97 5.79 1.11551 21.6776 0.928271 21.6616 1.03987 21.855
98 5.85 1.06416 22.3924 0.919451 22.2792 0.974368 22.5108
99 5.91 1.0199 23.0916 0.924215 22.9128 0.945077 23.16
100 5.97 0.99093 23.7848 0.938896 23.5696 0.956991 23.8308
101 6.03 0.955615 24.4668 0.875466 24.1944 0.893013 24.4694
102 6.09 0.92369 25.1392 0.943472 24.8812 0.928423 25.1466
103 6.15 0.903061 25.8096 0.878275 25.5332 0.878132 25.7998
104 6.21 0.879882 26.4756 0.883053 26.2016 0.886033 26.4718
105 6.27 0.900447 27.1704 0.897855 26.8944 0.848463 27.1278
106 6.33 0.874811 27.8584 0.89363 27.5972 0.907578 27.843
107 6.39 0.864949 28.5516 0.911365 28.3276 0.898833 28.5648
108 6.45 0.858239 29.2524 0.880283 29.0464 0.908344 29.308
109 6.51 0.82518 29.9388 0.895869 29.7916 0.910154 30.0666
110 6.57 0.872971 30.6784 0.880997 30.538 0.883947 30.817
111 6.63 0.85307 31.4144 0.90685 31.3204 0.926089 31.6176
112 6.69 0.8943 32.2 0.910237 32.12 0.921368 32.4286
113 6.75 0.887417 32.9936 0.96614 32.984 0.949254 33.2792
114 6.81 0.859545 33.776 0.975557 33.872 0.944003 34.1402
115 6.87 0.918002 34.6264 1.03372 34.8296 0.981884 35.0516
116 6.93 0.914481 35.4884 0.99723 35.7696 0.985707 35.9826
117 6.99 0.975596 36.424 1.04817 36.7748 1.00153 36.945
118 7.05 0.94512 37.346 1.03615 37.7856 1.01259 37.9348
119 7.11 0.962696 38.3012 1.03526 38.8128 1.05089 38.9796
120 7.17 0.994222 39.3044 1.02276 39.8448 1.0492 40.0404
121 7.23 1.01327 40.344 1.07097 40.9436 1.0161 41.085
122 7.29 1.05264 41.442 1.05264 42.0416 1.02815 42.1596
123 7.35 1.06043 42.5664 1.09438 43.202 1.044 43.2688
124 7.41 1.05223 43.7004 1.0719 44.3572 1.04827 44.4008
125 7.47 1.08141 44.8848 1.06607 45.5248 1.06722 45.572
126 7.53 1.05814 46.0624 1.06569 46.7108 1.06302 46.7574
127 7.59 1.11152 47.3192 1.06412 47.914 1.05157 47.9488
128 7.65 1.12375 48.61 1.075 49.1488 1.04609 49.1528
129 7.71 1.07719 49.8668 1.07513 50.4032 1.06751 50.4008
130 7.77 1.10315 51.174 1.09977 51.7064 1.04889 51.6462
131 7.83 1.07035 52.462 1.05805 52.9796 1.05925 52.9234
132 7.89 1.09375 53.7984 1.0011 54.2028 1.04664 54.2048
133 7.95 1.05376 55.1056 1.05183 55.5076 1.03412 55.4902
134 8.01 1.059 56.4392 1.00182 56.7692 1.04325 56.8066
135 8.07 1.06146 57.796 0.958506 57.9944 1.02311 58.117
136 8.13 1.04308 59.1492 0.985418 59.2728 0.994217 59.4094
137 8.19 1.05671 60.5404 0.966475 60.5452 0.997138 60.7248
138 8.25 1.02253 61.9064 1.01595 61.9024 0.996732 62.059
139 8.31 1.01018 63.2756 1.00192 63.2604 0.996823 63.4128
140 8.37 1.01611 64.6728 0.978297 64.6056 0.99434 64.7828
141 8.43 1.00141 66.0696 0.98937 65.9856 0.994976 66.1734
142 8.49 0.980808 67.4572 0.968085 67.3552 0.974331 67.5546
143 8.55 0.998035 68.8892 0.955381 68.726 0.948741 68.9186
144 8.61 0.966579 70.2956 0.977301 70.148 0.960394 70.3188
145 8.67 0.962194 71.7152 0.962737 71.5684 0.96717 71.7486
146 8.73 0.959442 73.1504 0.949014 72.988 0.950318 73.173
147 8.79 0.953774 74.5968 0.954038 74.4348 0.967003 74.6424
148 8.85 0.964824 76.08 0.960661 75.9116 0.954974 76.1134
149 8.91 0.933648 77.5348 0.960088 77.4076 0.945487 77.5896
150 8.97 0.95134 79.0372 1.00149 78.9892 0.951586 79.0954
151 9.03 0.942989 80.5464 0.97248 80.5456 0.960184 80.6352
152 9.09 0.961905 82.1064 0.973003 82.1236 0.986319 82.238
153 9.15 0.98414 83.7236 0.968074 83.7144 0.979013 83.85
154 9.21 0.986014 85.3652 0.973041 85.3344 0.983803 85.4912
155 9.27 0.990841 87.0364 0.993213 87.0096 0.993002 87.1694
156 9.33 0.949576 88.6588 0.997336 88.7136 0.974196 88.8372
157 9.39 0.985094 90.3636 0.996881 90.4388 0.989928 90.5538
158 9.45 0.974222 92.0712 0.994989 92.1828 1.00074 92.3114
159 9.51 0.981572 93.8136 1.02303 93.9988 1.00041 94.0908
160 9.57 1.00446 95.6192 1.04296 95.8736 1.015 95.919
161 9.63 0.977699 97.3988 1.03154 97.7512 1.02717 97.7924
162 9.69 1.00405 99.2492 1.02857 99.6468 1.01298 99.663
163 9.75 0.984652 101.086 1.02238 101.554 1.03574 101.599
164 9.81 1.01119 102.996 1.01627 103.474 1.0303 103.549
165 9.87 1.01587 104.939 1.02759 105.439 1.0224 105.508
166 9.93 1.01273 106.899 1.04042 107.452 1.03215 107.51
167 9.99 1.01694 108.891 1.0443 109.498 1.03324 109.538
168 10.05 1.03974 110.952 1.01653 111.513 1.03141 111.587
169 10.11 1.02006 112.998 1.01088 113.541 1.03383 113.665
170 10.17 1.01594 115.061 1.00431 115.58 1.04419 115.789
171 10.23 1.04359 117.204 1.00951 117.654 1.01759 117.883
172 10.29 1.03742 119.36 0.994304 119.72 1.01556 119.998
173 10.35 1.02314 121.512 1.00754 121.838 1.01103 122.128
174 10.41 1.03263 123.708 1.00706 123.98 1.01124 124.283
175 10.47 1.03068 125.926 1.00354 126.14 1.02862 126.501
176 10.53 1.05389 128.219 1.0153 128.349 1.01822 128.721
177 10.59 1.01927 130.463 0.957303 130.456 1.00789 130.944
178 10.65 0.993982 132.676 0.981045 132.64 1.01109 133.2
179 10.71 1.01575 134.962 1.0042 134.901 1.00573 135.468
180 10.77 0.976348 137.185 0.975469 137.122 0.990176 137.727
181 10.83 0.992665 139.47 0.986063 139.392 1.00707 140.05
182 10.89 1.00444 141.808 0.982616 141.679 1.00252 142.388
183 10.95 0.980716 144.116 0.967118 143.955 0.990374 144.724
184 11.01 0.99477 146.483 0.972914 146.27 0.988502 147.08
185 11.07 0.972873 148.823 0.963727 148.588 0.994412 149.477
186 11.13 1.00469 151.266 0.924245 150.835 1.00047 151.914
187 11.19 0.972789 153.657 0.968069 153.214 1.00057 154.378
188 11.25 0.972746 156.073 0.975483 155.638 0.990728 156.844
189 11.31 0.985395 158.547 0.970896 158.075 0.989307 159.333
190 11.37 0.984481 161.045 0.966509 160.528 0.991951 161.855
191 11.43 0.961069 163.51 1.00319 163.1 0.995887 164.414
192 11.49 0.997831 166.095 0.997522 165.685 0.989519 166.983
193 11.55 0.974964 168.648 0.992227 168.283 1.00175 169.611
194 11.61 0.977462 171.234 0.978823 170.872 1.00146 172.266
195 11.67 0.984197 173.865 0.995121 173.532 0.989471 174.916
196 11.73 0.971043 176.487 0.978449 176.175 0.994378 177.607
197 11.79 0.99256 179.195 0.988308 178.871 0.996355 180.331
198 11.85 1.00576 181.967 1.01432 181.667 0.998602 183.089
199 11.91 0.980993 184.698 1.02294 184.515 0.994301 185.863
200 11.97 0.983984 187.466 1.01158 187.36 1.00153 188.685
50000 200
1 0.03 0 0 0 0 0 0
2 0.09 0 0 0 0 0 0
3 0.15 0 0 0 0 0 0
4 0.21 0 0 0 0 0 0
5 0.27 0 0 0 0 0 0
6 0.33 0 0 0 0 0 0
7 0.39 0 0 0 0 0 0
8 0.45 0 0 0 0 0 0
9 0.51 0 0 0 0 0 0
10 0.57 0 0 0 0 0 0
11 0.63 0 0 0 0 0 0
12 0.69 0 0 0 0 0 0
13 0.75 0 0 0 0 0 0
14 0.81 0 0 0 0 0 0
15 0.87 0 0 0 0 0 0
16 0.93 0 0 0 0 0 0
17 0.99 0 0 0 0 0 0
18 1.05 0 0 0 0 0 0
19 1.11 0 0 0 0 0 0
20 1.17 0 0 0 0 0 0
21 1.23 0 0 0 0 0 0
22 1.29 0 0 0 0 0 0
23 1.35 0 0 0 0 0 0
24 1.41 0 0 0 0 0 0
25 1.47 0 0 0 0 0 0
26 1.53 0 0 0 0 0 0
27 1.59 0 0 0 0 0 0
28 1.65 0 0 0 0 0 0
29 1.71 0 0 0 0 0 0
30 1.77 0 0 0 0 0 0
31 1.83 0 0 0 0 0 0
32 1.89 0 0 0 0 0 0
33 1.95 0 0 0 0 0 0
34 2.01 0 0 0 0 0 0
35 2.07 0 0 0 0 0 0
36 2.13 0 0 0.00449168 0.0004 0 0
37 2.19 0 0 0.0297426 0.0032 0 0
38 2.25 0 0 0.177116 0.0208 0.00602598 0.0006
39 2.31 0 0 0.664504 0.0904 0.0438305 0.0052
40 2.37 0.0108842 0.0012 1.45123 0.2504 0.215439 0.029
41 2.43 0.0207068 0.0036 1.96715 0.4784 0.601019 0.0988
42 2.49 0.187349 0.0264 2.61303 0.7964 1.23502 0.2494
43 2.55 0.58292 0.1008 2.66075 1.136 1.91729 0.4946
44 2.61 1.22354 0.2644 2.63556 1.4884 2.5034 0.83
45 2.67 1.72089 0.5052 2.57275 1.8484 2.75447 1.2162
46 2.73 2.36521 0.8512 2.37888 2.1964 2.70841 1.6132
47 2.79 2.58921 1.2468 2.03681 2.5076 2.5161 1.9984
48 2.85 2.5817 1.6584 1.9369 2.8164 2.33616 2.3716
49 2.91 2.48597 2.0716 1.65811 3.092 2.19279 2.7368
50 2.97 2.36575 2.4812 1.39311 3.3332 1.84685 3.0572
51 3.03 2.25301 2.8872 1.2608 3.5604 1.77222 3.3772
52 3.09 2.01056 3.264 1.13121 3.7724 1.53047 3.6646
53 3.15 1.75807 3.6064 1.02896 3.9728 1.35281 3.9286
54 3.21 1.47145 3.904 0.99877 4.1748 1.26126 4.1842
55 3.27 1.32647 4.1824 0.901468 4.364 1.09462 4.4144
56 3.33 1.21662 4.4472 0.839871 4.5468 0.99776 4.632
57 3.39 1.17393 4.712 0.762526 4.7188 0.907006 4.837
58 3.45 0.962241 4.9368 0.676308 4.8768 0.834724 5.0324
59 3.51 0.91143 5.1572 0.664964 5.0376 0.76516 5.2178
60 3.57 0.828285 5.3644 0.650795 5.2004 0.78035 5.4134
61 3.63 0.836702 5.5808 0.648019 5.368 0.693027 5.593
62 3.69 0.704945 5.7692 0.622627 5.5344 0.65723 5.769
63 3.75 0.685466 5.9584 0.653584 5.7148 0.669632 5.9542
64 3.81 0.685106 6.1536 0.665451 5.9044 0.624189 6.1324
65 3.87 0.681716 6.354 0.635452 6.0912 0.66202 6.3274
66 3.93 0.6096 6.5388 0.595086 6.2716 0.603114 6.5106
67 3.99 0.611886 6.73 0.669491 6.4808 0.629825 6.7078
68 4.05 0.610043 6.9264 0.668438 6.696 0.667721 6.9232
69 4.11 0.69129 7.1556 0.717831 6.934 0.677265 7.1482
70 4.17 0.611769 7.3644 0.709043 7.176 0.690665 7.3844
71 4.23 0.638957 7.5888 0.788161 7.4528 0.664959 7.6184
72 4.29 0.685434 7.8364 0.839352 7.756 0.723847 7.8804
73 4.35 0.670964 8.0856 0.845436 8.07 0.785167 8.1726
74 4.41 0.716752 8.3592 0.904323 8.4152 0.839244 8.4936
75 4.47 0.771076 8.6616 0.947525 8.7868 0.833661 8.8212
76 4.53 0.817323 8.9908 1.00899 9.1932 0.884075 9.178
77 4.59 0.827049 9.3328 1.06791 9.6348 0.934482 9.5652
78 4.65 0.893497 9.712 1.08106 10.0936 0.989535 9.986
79 4.71 0.99214 10.144 1.11616 10.5796 1.09146 10.4622
80 4.77 0.990625 10.5864 1.15722 11.0964 1.0615 10.9372
81 4.83 1.01683 11.052 1.2064 11.6488 1.08847 11.4366
82 4.89 1.07044 11.5544 1.21277 12.218 1.15378 11.9792
83 4.95 1.08956 12.0784 1.21599 12.8028 1.17579 12.5458
84 5.01 1.09935 12.62 1.24143 13.4144 1.20046 13.1384
85 5.07 1.21857 13.2348 1.24473 14.0424 1.22167 13.756
86 5.13 1.23747 13.874 1.18558 14.6548 1.15771 14.3552
87 5.19 1.20448 14.5108 1.20675 15.2928 1.21453 14.9986
88 5.25 1.2163 15.1688 1.21038 15.9476 1.2622 15.6828
89 5.31 1.23522 15.8524 1.18318 16.6024 1.20282 16.3498
90 5.37 1.2735 16.5732 1.18375 17.2724 1.22687 17.0456
91 5.43 1.21786 17.278 1.07686 17.8956 1.17956 17.7296
92 5.49 1.25495 18.0204 1.1231 18.56 1.19913 18.4404
93 5.55 1.19223 18.7412 1.05859 19.2 1.13372 19.1272
94 5.61 1.20183 19.4836 1.0529 19.8504 1.07761 19.7942
95 5.67 1.15118 20.21 1.01806 20.4928 1.06062 20.4648
96 5.73 1.1514 20.952 1.01237 21.1452 1.03791 21.135
97 5.79 1.11064 21.6828 1.00426 21.806 0.993757 21.7902
98 5.85 1.05939 22.3944 1.00461 22.4808 0.997843 22.4618
99 5.91 1.03741 23.1056 0.940553 23.1256 0.977686 23.1334
100 5.97 1.00808 23.8108 0.914309 23.7652 0.916189 23.7756
101 6.03 0.933196 24.4768 0.87939 24.3928 0.892454 24.4138
102 6.09 0.962154 25.1772 0.921492 25.0636 0.893052 25.0652
103 6.15 0.916531 25.8576 0.918687 25.7456 0.891844 25.7286
104 6.21 0.89415 26.5344 0.880939 26.4124 0.865464 26.385
105 6.27 0.900447 27.2292 0.902002 27.1084 0.869933 27.0576
106 6.33 0.9155 27.9492 0.883967 27.8036 0.863164 27.7378
107 6.39 0.856464 28.6356 0.866945 28.4984 0.865211 28.4326
108 6.45 0.861178 29.3388 0.892529 29.2272 0.853589 29.131
109 6.51 0.864131 30.0576 0.905486 29.9804 0.900076 29.8812
110 6.57 0.908853 30.8276 0.908853 30.7504 0.891251 30.6378
111 6.63 0.854924 31.5652 0.941622 31.5628 0.892081 31.409
112 6.69 0.862881 32.3232 0.941656 32.39 0.907053 32.2074
113 6.75 0.922753 33.1484 0.954511 33.2436 0.916221 33.0284
114 6.81 0.929416 33.9944 0.960616 34.118 0.963738 33.9074
115 6.87 0.942183 34.8672 0.978022 35.024 0.953873 34.7928
116 6.93 0.959887 35.772 0.991714 35.9588 0.982531 35.7208
117 6.99 0.951404 36.6844 1.03316 36.9496 0.98197 36.6644
118 7.05 0.961931 37.6228 1.02754 37.952 1.01198 37.6536
119 7.11 0.992528 38.6076 1.05219 38.996 1.00583 38.6536
120 7.17 0.972023 39.5884 1.04853 40.054 1.03773 39.7028
121 7.23 0.996113 40.6104 1.07565 41.1576 1.05248 40.7848
122 7.29 1.04114 41.6964 1.10518 42.3104 1.03351 41.865
123 7.35 1.04496 42.8044 1.02647 43.3988 1.05981 42.991
124 7.41 1.04332 43.9288 1.10494 44.5896 1.06161 44.1374
125 7.47 1.08141 45.1132 1.10771 45.8028 1.05064 45.2904
126 7.53 1.05706 46.2896 1.07647 47.0008 1.06786 46.4812
127 7.59 1.09737 47.5304 1.06588 48.206 1.07787 47.7024
128 7.65 1.06003 48.748 1.06769 49.4324 1.07129 48.9354
129 7.71 1.11799 50.0524 1.03193 50.6364 1.09727 50.2182
130 7.77 1.0775 51.3292 1.07007 51.9044 1.04283 51.4564
131 7.83 1.06204 52.6072 1.0647 53.1856 1.05312 52.7262
132 7.89 1.12419 53.9808 1.02926 54.4432 1.06967 54.0358
133 7.95 1.07375 55.3128 1.04409 55.7384 1.04956 55.3404
134 8.01 1.08536 56.6796 1.0428 57.0516 1.02391 56.6324
135 8.07 1.09839 58.0836 1.00044 58.3304 1.00703 57.9222
136 8.13 0.989734 59.3676 1.02766 59.6636 1.00883 59.2336
137 8.19 1.01175 60.6996 0.975894 60.9484 1.02822 60.59
138 8.25 0.9878 62.0192 0.955762 62.2252 1.00286 61.9324
139 8.31 0.993656 63.366 0.972997 63.544 1.00345 63.2952
140 8.37 0.969279 64.6988 0.976552 64.8868 0.97997 64.6454
141 8.43 0.992238 66.0828 0.985929 66.262 0.979235 66.014
142 8.49 0.981373 67.4712 0.941507 67.594 0.980257 67.4036
143 8.55 0.96932 68.862 0.973781 68.9912 0.967382 68.7944
144 8.61 0.959707 70.2584 0.934965 70.3516 0.966018 70.2028
145 8.67 0.951621 71.6624 0.962465 71.7716 0.959864 71.6218
146 8.73 0.970139 73.1136 0.935376 73.1708 0.952987 73.0502
147 8.79 0.948499 74.552 0.957467 74.6228 0.973979 74.5302
148 8.85 0.949733 76.012 0.950513 76.084 0.945366 75.9864
149 8.91 0.928 77.458 0.977545 77.6072 0.982763 77.5208
150 8.97 0.941715 78.9452 0.987813 79.1672 0.944635 79.0156
151 9.03 0.951236 80.4676 0.932991 80.6604 0.969039 80.5696
152 9.09 0.951299 82.0104 0.9402 82.1852 0.990626 82.1794
153 9.15 0.982679 83.6252 0.9856 83.8048 0.973547 83.7824
154 9.21 0.98169 85.2596 0.982411 85.4404 0.972413 85.4046
155 9.27 0.962383 86.8828 0.990841 87.1116 0.997617 87.0906
156 9.33 0.974627 88.548 1.02496 88.8628 0.983192 88.7738
157 9.39 0.986249 90.2548 0.980702 90.56 0.989352 90.4894
158 9.45 0.981524 91.9752 1.00617 92.3236 0.996757 92.24
159 9.51 1.00478 93.7588 1.01808 94.1308 1.01773 94.0502
160 9.57 0.991332 95.5408 1.03139 95.9848 1.00145 95.854
161 9.63 1.02341 97.4036 1.01594 97.834 1.0218 97.7176
162 9.69 1.01924 99.282 1.03378 99.7392 1.01103 99.5846
163 9.75 1.02153 101.188 1.03053 101.662 1.03446 101.519
164 9.81 1.02897 103.132 1.01754 103.584 1.034 103.476
165 9.87 1.02696 105.095 1.02612 105.546 1.02585 105.441
166 9.93 1.02616 107.081 1.02513 107.53 1.03649 107.451
167 9.99 1.04062 109.12 1.04695 109.581 1.02662 109.466
168 10.05 1.04075 111.183 1.01391 111.591 1.03313 111.518
169 10.11 1.0364 113.262 1.01467 113.626 1.0207 113.57
170 10.17 1.01515 115.323 1.03446 115.726 1.03593 115.677
171 10.23 1.02333 117.425 0.990812 117.762 1.0175 117.771
172 10.29 1.02356 119.552 0.998923 119.838 1.02776 119.912
173 10.35 0.994414 121.643 1.01458 121.971 1.03268 122.087
174 10.41 1.05069 123.878 1.01307 124.126 1.03094 124.284
175 10.47 1.00968 126.05 0.997778 126.272 1.00914 126.46
176 10.53 1.01088 128.25 0.988277 128.423 1.01987 128.684
177 10.59 1.02363 130.503 0.981108 130.583 1.00726 130.906
178 10.65 0.996318 132.721 0.98392 132.773 1.00759 133.153
179 10.71 0.989272 134.948 0.969906 134.957 1.01442 135.442
180 10.77 0.99954 137.224 0.973185 137.172 0.997015 137.716
181 10.83 0.989364 139.502 0.989017 139.449 0.991114 140.002
182 10.89 0.974883 141.771 0.958214 141.68 0.991456 142.315
183 10.95 0.980546 144.078 0.995673 144.023 0.991816 144.653
184 11.01 0.983842 146.419 1.00671 146.418 0.983552 146.998
185 11.07 0.964059 148.738 0.970878 148.753 0.982628 149.366
186 11.13 0.96817 151.092 0.980015 151.136 0.985033 151.766
187 11.19 0.978323 153.496 0.960094 153.496 0.981645 154.184
188 11.25 0.975483 155.92 0.953584 155.864 0.993058 156.655
189 11.31 0.973605 158.364 0.979181 158.323 0.996223 159.162
190 11.37 0.976441 160.842 0.986057 160.825 0.98204 161.658
191 11.43 1.00053 163.407 0.990083 163.364 0.987091 164.195
192 11.49 0.982086 165.952 0.979616 165.902 1.00562 166.806
193 11.55 0.980158 168.518 0.992532 168.501 1.00739 169.449
194 11.61 0.982149 171.117 1.01118 171.176 1.00176 172.104
195 11.67 0.989135 173.761 1.00156 173.853 0.986261 174.746
196 11.73 1.00052 176.463 1.00067 176.556 1.01352 177.488
197 11.79 0.9757 179.125 0.996958 179.276 0.991087 180.198
198 11.85 1.0043 181.893 0.976874 181.968 1.01091 182.99
199 11.91 0.97151 184.598 1.02122 184.811 1.01495 185.821
200 11.97 1.00191 187.415 0.975592 187.555 1.00941 188.665
55000 200
1 0.03 0 0 0 0 0 0
2 0.09 0 0 0 0 0 0
3 0.15 0 0 0 0 0 0
4 0.21 0 0 0 0 0 0
5 0.27 0 0 0 0 0 0
6 0.33 0 0 0 0 0 0
7 0.39 0 0 0 0 0 0
8 0.45 0 0 0 0 0 0
9 0.51 0 0 0 0 0 0
10 0.57 0 0 0 0 0 0
11 0.63 0 0 0 0 0 0
12 0.69 0 0 0 0 0 0
13 0.75 0 0 0 0 0 0
14 0.81 0 0 0 0 0 0
15 0.87 0 0 0 0 0 0
16 0.93 0 0 0 0 0 0
17 0.99 0 0 0 0 0 0
18 1.05 0 0 0 0 0 0
19 1.11 0 0 0 0 0 0
20 1.17 0 0 0 0 0 0
21 1.23 0 0 0 0 0 0
22 1.29 0 0 0 0 0 0
23 1.35 0 0 0 0 0 0
24 1.41 0 0 0 0 0 0
25 1.47 0 0 0 0 0 0
26 1.53 0 0 0 0 0 0
27 1.59 0 0 0 0 0 0
28 1.65 0 0 0 0 0 0
29 1.71 0 0 0 0 0 0
30 1.77 0 0 0 0 0 0
31 1.83 0 0 0 0 0 0
32 1.89 0 0 0 0 0 0
33 1.95 0 0 0 0 0 0
34 2.01 0 0 0 0 0 0
35 2.07 0 0 0 0 0 0
36 2.13 0 0 0 0 0 0
37 2.19 0 0 0.0254937 0.0024 0 0
38 2.25 0 0 0.245548 0.0268 0.00401732 0.0004
39 2.31 0 0 0.675961 0.0976 0.0343022 0.004
40 2.37 0 0 1.34602 0.246 0.181041 0.024
41 2.43 0.0724739 0.0084 2.04652 0.4832 0.630295 0.0972
42 2.49 0.180776 0.0304 2.55387 0.794 1.25962 0.2508
43 2.55 0.633064 0.1112 2.87386 1.1608 1.96108 0.5016
44 2.61 1.16371 0.2668 2.62359 1.5116 2.4198 0.8258
45 2.67 1.69516 0.504 2.74713 1.896 2.62324 1.1936
46 2.73 2.35154 0.848 2.42263 2.2504 2.64156 1.5808
47 2.79 2.48187 1.2272 2.09703 2.5708 2.62453 1.9826
48 2.85 2.66199 1.6516 1.83655 2.8636 2.46011 2.3756
49 2.91 2.63036 2.0888 1.73994 3.1528 2.12434 2.7294
50 2.97 2.50437 2.5224 1.44856 3.4036 1.89412 3.058
51 3.03 2.19974 2.9188 1.25192 3.6292 1.7257 3.3696
52 3.09 1.9508 3.2844 1.08425 3.8324 1.48999 3.6494
53 3.15 1.86282 3.6472 1.0762 4.042 1.28824 3.9008
54 3.21 1.62176 3.9752 0.947348 4.2336 1.17047 4.138
55 3.27 1.33219 4.2548 0.899562 4.4224 1.05278 4.3594
56 3.33 1.16516 4.5084 0.812304 4.5992 0.963828 4.5696
57 3.39 1.16507 4.7712 0.762526 4.7712 0.871611 4.7666
58 3.45 0.943407 4.9916 0.705415 4.936 0.830452 4.961
59 3.51 0.934588 5.2176 0.707971 5.1072 0.709857 5.133
60 3.57 0.86826 5.4348 0.676379 5.2764 0.717316 5.3128
61 3.63 0.779478 5.6364 0.638739 5.4416 0.674506 5.4876
62 3.69 0.710932 5.8264 0.645077 5.614 0.629597 5.6562
63 3.75 0.73184 6.0284 0.58982 5.7768 0.660955 5.839
64 3.81 0.620526 6.2052 0.65422 5.9632 0.619285 6.0158
65 3.87 0.695324 6.4096 0.617763 6.1448 0.640292 6.2044
66 3.93 0.659741 6.6096 0.665018 6.3464 0.634059 6.397
67 3.99 0.66821 6.8184 0.716854 6.5704 0.629825 6.5942
68 4.05 0.656013 7.0296 0.693287 6.7936 0.621222 6.7946
69 4.11 0.604426 7.23 0.717831 7.0316 0.660408 7.014
70 4.17 0.589502 7.4312 0.683259 7.2648 0.698853 7.253
71 4.23 0.644652 7.6576 0.862193 7.5676 0.716678 7.5052
72 4.29 0.66661 7.8984 0.839352 7.8708 0.775787 7.786
73 4.35 0.689273 8.1544 0.850821 8.1868 0.792691 8.081
74 4.41 0.771242 8.4488 0.956717 8.552 0.805256 8.389
75 4.47 0.789434 8.7584 0.962825 8.9296 0.870306 8.731
76 4.53 0.811365 9.0852 1.008 9.3356 0.894978 9.0922
77 4.59 0.843493 9.434 1.02535 9.7596 0.920967 9.4738
78 4.65 0.919887 9.8244 1.16777 10.2552 0.986713 9.8934
79 4.71 0.951719 10.2388 1.14372 10.7532 1.06671 10.3588
80 4.77 0.950319 10.6632 1.18051 11.2804 1.09189 10.8474
81 4.83 1.01596 11.1284 1.11817 11.7924 1.10591 11.3548
82 4.89 1.07556 11.6332 1.22555 12.3676 1.20056 11.9194
83 4.95 1.14113 12.182 1.19187 12.9408 1.18782 12.4918
84 5.01 1.12614 12.7368 1.2325 13.548 1.19317 13.0808
85 5.07 1.1924 13.3384 1.18289 14.1448 1.22167 13.6984
86 5.13 1.14377 13.9292 1.23437 14.7824 1.23886 14.3396
87 5.19 1.20902 14.5684 1.23096 15.4332 1.25115 15.0024
88 5.25 1.24957 15.2444 1.18894 16.0764 1.21534 15.6612
89 5.31 1.28726 15.9568 1.18246 16.7308 1.20462 16.3292
90 5.37 1.22544 16.6504 1.17385 17.3952 1.1775 16.997
91 5.43 1.21717 17.3548 1.12179 18.0444 1.17094 17.676
92 5.49 1.1853 18.056 1.07509 18.6804 1.14514 18.3548
93 5.55 1.20811 18.7864 1.07314 19.3292 1.14165 19.0464
94 5.61 1.20637 19.5316 1.02441 19.962 1.1138 19.7358
95 5.67 1.16449 20.2664 1.03264 20.6136 1.08751 20.4234
96 5.73 1.08126 20.9632 1.05271 21.292 1.05277 21.1032
97 5.79 1.07356 21.6696 1.00183 21.9512 0.998004 21.7612
98 5.85 1.05106 22.3756 0.897417 22.554 1.00408 22.437
99 5.91 1.01174 23.0692 0.924799 23.188 0.951482 23.0906
100 5.97 0.997792 23.7672 0.871424 23.7976 0.920755 23.736
101 6.03 0.976353 24.464 0.874906 24.422 0.906718 24.3844
102 6.09 0.985233 25.1812 0.847861 25.0392 0.890036 25.0336
103 6.15 0.962331 25.8956 0.887974 25.6984 0.875712 25.685
104 6.21 0.9285 26.5984 0.840248 26.3344 0.874958 26.3486
105 6.27 0.88023 27.2776 0.861049 26.9988 0.873813 27.0242
106 6.33 0.854976 27.95 0.895665 27.7032 0.870778 27.7104
107 6.39 0.850475 28.6316 0.901383 28.4256 0.867204 28.4068
108 6.45 0.888121 29.3568 0.874894 29.14 0.849189 29.1016
109 6.51 0.865574 30.0768 0.901159 29.8896 0.872961 29.8292
110 6.57 0.891856 30.8324 0.917351 30.6668 0.902559 30.5954
111 6.63 0.878569 31.5904 0.903141 31.446 0.911746 31.3836
112 6.69 0.906594 32.3868 0.912969 32.248 0.919777 32.1932
113 6.75 0.89681 33.1888 0.942881 33.0912 0.940549 33.036
114 6.81 0.91799 34.0244 0.99709 33.9988 0.928873 33.8832
115 6.87 0.934842 34.8904 1.03243 34.9552 0.978652 34.7916
116 6.93 0.953097 35.7888 1.03627 35.932 0.957544 35.696
117 6.99 0.986023 36.7344 0.994782 36.886 0.989879 36.6472
118 7.05 0.961931 37.6728 1.0464 37.9068 1.004 37.6286
119 7.11 0.986481 38.6516 1.0784 38.9768 1.01046 38.6332
120 7.17 0.984312 39.6448 1.07073 40.0572 1.0583 39.7032
121 7.23 0.996113 40.6668 1.09904 41.1848 1.04801 40.7806
122 7.29 1.05111 41.7632 1.04881 42.2788 1.06125 41.8898
123 7.35 1.04383 42.87 1.0989 43.444 1.07769 43.0348
124 7.41 1.04926 44.0008 1.099 44.6284 1.07513 44.1958
125 7.47 1.08105 45.1848 1.09273 45.8252 1.08909 45.391
126 7.53 1.05634 46.3604 1.09228 47.0408 1.08526 46.6012
127 7.59 1.07544 47.5764 1.05669 48.2356 1.07699 47.8214
128 7.65 1.09346 48.8324 1.0743 49.4696 1.06016 49.0416
129 7.71 1.07308 50.0844 1.03673 50.6792 1.08581 50.311
130 7.77 1.06062 51.3412 1.03395 51.9044 1.08781 51.6026
131 7.83 1.08498 52.6468 1.03179 53.146 1.04731 52.8654
132 7.89 1.05053 53.9304 1.01649 54.388 1.06771 54.1726
133 7.95 1.0399 55.2204 1.02119 55.6548 1.06066 55.491
134 8.01 1.04979 56.5424 1.00786 56.924 1.02803 56.7882
135 8.07 1.0236 57.8508 0.977907 58.174 1.02873 58.1058
136 8.13 1.02334 59.1784 0.967535 59.4292 1.01237 59.4218
137 8.19 1.05428 60.5664 0.982578 60.7228 1.02807 60.778
138 8.25 1.02613 61.9372 0.970434 62.0192 1.00136 62.1184
139 8.31 0.962964 63.2424 0.953225 63.3112 0.979593 63.4488
140 8.37 0.999242 64.6164 0.941353 64.6056 0.986211 64.8076
141 8.43 1.01375 66.0304 0.948075 65.928 0.976373 66.1722
142 8.49 0.968933 67.4012 0.92624 67.2384 0.96897 67.5458
143 8.55 0.963466 68.7836 0.946182 68.596 0.954584 68.9182
144 8.61 0.949535 70.1652 0.924793 69.9416 0.960119 70.318
145 8.67 0.943487 71.5572 0.920985 71.3004 0.97461 71.7588
146 8.73 0.962117 72.9964 0.905427 72.6548 0.960726 73.1988
147 8.79 0.936894 74.4172 0.960105 74.1108 0.957132 74.6532
148 8.85 0.936723 75.8572 0.963003 75.5912 0.955624 76.1252
149 8.91 0.925176 77.2988 0.929027 77.0388 0.976742 77.6502
150 8.97 0.949314 78.798 0.931584 78.51 0.989756 79.2164
151 9.03 0.931492 80.2888 0.981228 80.0804 0.973903 80.7782
152 9.09 0.959685 81.8452 0.984842 81.6776 0.967857 82.351
153 9.15 0.971725 83.442 0.977567 83.284 0.999298 83.9964
154 9.21 0.973041 85.062 0.999229 84.9476 0.999268 85.6634
155 9.27 0.989181 86.7304 0.971395 86.586 1.00401 87.3602
156 9.33 0.98961 88.4212 0.978607 88.258 1.00551 89.0816
157 9.39 0.989716 90.134 1.01907 90.0216 1.01276 90.8378
158 9.45 0.986317 91.8628 1.02488 91.818 1.02101 92.631
159 9.51 0.975037 93.5936 1.02867 93.644 1.01593 94.438
160 9.57 0.968635 95.3348 1.01559 95.4696 1.01267 96.262
161 9.63 0.995279 97.1464 1.01726 97.3212 1.04494 98.1678
162 9.69 0.982124 98.9564 1.01338 99.1888 1.03919 100.087
163 9.75 1.02045 100.86 1.01466 101.082 1.03414 102.02
164 9.81 1.01013 102.768 1.02919 103.026 1.04203 103.992
165 9.87 1.01755 104.714 1.01483 104.966 1.04589 105.996
166 9.93 1.03319 106.714 0.991234 106.885 1.03432 108.002
167 9.99 1.03572 108.742 1.01877 108.88 1.05923 110.081
168 10.05 1.02158 110.768 1.00059 110.864 1.04803 112.163
169 10.11 1.01726 112.808 1.02085 112.912 1.0211 114.215
170 10.17 1.03052 114.9 0.996232 114.934 1.03809 116.327
171 10.23 1.0023 116.959 1.02431 117.038 1.02556 118.438
172 10.29 1.0226 119.084 1.02106 119.16 1.02247 120.567
173 10.35 1.01515 121.219 0.997458 121.258 1.0191 122.714
174 10.41 1.01608 123.38 0.973205 123.328 1.02419 124.897
175 10.47 1.01767 125.57 0.992014 125.462 1.01406 127.083
176 10.53 1.02357 127.797 1.00335 127.646 1.02024 129.308
177 10.59 1.01727 130.036 0.995101 129.836 0.987035 131.485
178 10.65 1.00836 132.281 0.980506 132.019 0.995222 133.705
179 10.71 0.997978 134.528 0.993359 134.255 0.983659 135.924
180 10.77 1.00551 136.817 1.01114 136.557 1.00254 138.211
181 10.83 1.00187 139.124 0.979808 138.813 0.995622 140.507
182 10.89 0.984679 141.416 0.990521 141.118 0.995915 142.83
183 10.95 0.999752 143.768 0.984965 143.436 0.966796 145.11
184 11.01 0.965685 146.066 0.953076 145.704 0.974408 147.433
185 11.07 1.00613 148.486 0.966055 148.028 0.979724 149.794
186 11.13 0.970474 150.846 0.965045 150.374 0.972884 152.164
187 11.19 0.990204 153.279 0.964326 152.744 0.971412 154.557
188 11.25 0.959542 155.663 0.99545 155.217 0.975863 156.986
189 11.31 0.960381 158.074 1.01487 157.765 0.999006 159.499
190 11.37 1.00592 160.626 0.989998 160.277 0.993603 162.025
191 11.43 0.975264 163.127 0.992891 162.823 0.976038 164.533
192 11.49 0.987643 165.686 1.00339 165.423 0.978812 167.074
193 11.55 0.978325 168.248 0.999712 168.04 0.975987 169.635
194 11.61 0.986533 170.858 0.994547 170.672 1.00025 172.286
195 11.67 1.01263 173.565 1.01996 173.398 1.01142 174.995
196 11.73 0.988817 176.235 1.00674 176.117 0.991422 177.678
197 11.79 1.00018 178.964 1.00546 178.86 1.01194 180.445
198 11.85 0.975278 181.652 0.998934 181.613 1.01939 183.26
199 11.91 1.01116 184.467 1.00542 184.412 1.01187 186.083
200 11.97 1.00432 187.292 1.00432 187.237 0.995856 188.889
60000 200
1 0.03 0 0 0 0 0 0
2 0.09 0 0 0 0 0 0
3 0.15 0 0 0 0 0 0
4 0.21 0 0 0 0 0 0
5 0.27 0 0 0 0 0 0
6 0.33 0 0 0 0 0 0
7 0.39 0 0 0 0 0 0
8 0.45 0 0 0 0 0 0
9 0.51 0 0 0 0 0 0
10 0.57 0 0 0 0 0 0
11 0.63 0 0 0 0 0 0
12 0.69 0 0 0 0 0 0
13 0.75 0 0 0 0 0 0
14 0.81 0 0 0 0 0 0
15 0.87 0 0 0 0 0 0
16 0.93 0 0 0 0 0 0
17 0.99 0 0 0 0 0 0
18 1.05 0 0 0 0 0 0
19 1.11 0 0 0 0 0 0
20 1.17 0 0 0 0 0 0
21 1.23 0 0 0 0 0 0
22 1.29 0 0 0 0 0 0
23 1.35 0 0 0 0 0 0
24 1.41 0 0 0 0 0 0
25 1.47 0 0 0 0 0 0
26 1.53 0 0 0 0 0 0
27 1.59 0 0 0 0 0 0
28 1.65 0 0 0 0 0 0
29 1.71 0 0 0 0 0 0
30 1.77 0 0 0 0 0 0
31 1.83 0 0 0 0 0 0
32 1.89 0 0 0 0 0 0
33 1.95 0 0 0 0 0 0
34 2.01 0 0 0 0 0 0
35 2.07 0 0 0 0 0 0
36 2.13 0 0 0 0 0 0
37 2.19 0 0 0.0637342 0.006 0 0
38 2.25 0 0 0.253598 0.0312 0.00401732 0.0004
39 2.31 0 0 0.759979 0.1108 0.0343022 0.004
40 2.37 0.00725616 0.0008 1.45123 0.2708 0.193714 0.0254
41 2.43 0.0172557 0.0028 1.86706 0.4872 0.626851 0.0982
42 2.49 0.243225 0.0324 2.58345 0.8016 1.20057 0.2446
43 2.55 0.658136 0.1164 2.86759 1.1676 1.89696 0.4872
44 2.61 1.19064 0.2756 2.86292 1.5504 2.275 0.792
45 2.67 1.76948 0.5232 2.67567 1.9248 2.65034 1.1636
46 2.73 2.29959 0.8596 2.35974 2.27 2.64565 1.5514
47 2.79 2.76724 1.2824 2.1363 2.5964 2.55007 1.9418
48 2.85 2.71217 1.7148 1.88171 2.8964 2.35369 2.3178
49 2.91 2.73625 2.1696 1.75438 3.188 1.98023 2.6476
50 2.97 2.46971 2.5972 1.48321 3.4448 1.81803 2.963
51 3.03 2.27743 3.0076 1.34515 3.6872 1.66478 3.2636
52 3.09 2.08526 3.3984 1.13121 3.8992 1.53792 3.5524
53 3.15 1.61841 3.7136 1.02486 4.0988 1.33026 3.812
54 3.21 1.52485 4.022 0.982948 4.2976 1.18724 4.0526
55 3.27 1.34553 4.3044 0.834763 4.4728 1.06419 4.2764
56 3.33 1.25705 4.578 0.790251 4.6448 1.05278 4.506
57 3.39 1.12251 4.8312 0.762526 4.8168 0.891079 4.7074
58 3.45 0.965665 5.0568 0.719113 4.9848 0.838141 4.9036
59 3.51 0.937897 5.2836 0.721204 5.1592 0.807256 5.0992
60 3.57 0.889047 5.506 0.661988 5.3248 0.777158 5.294
61 3.63 0.788758 5.71 0.6341 5.4888 0.728528 5.4828
62 3.69 0.755833 5.912 0.595686 5.648 0.692332 5.6682
63 3.75 0.665178 6.0956 0.605761 5.8152 0.691327 5.8594
64 3.81 0.673874 6.2876 0.593852 5.9844 0.641002 6.0424
65 3.87 0.61232 6.4676 0.654502 6.1768 0.60838 6.2216
66 3.93 0.612239 6.6532 0.613559 6.3628 0.635376 6.4146
67 3.99 0.590125 6.8376 0.683572 6.5764 0.581279 6.5966
68 4.05 0.595133 7.0292 0.654771 6.7872 0.650361 6.8064
69 4.11 0.621316 7.2352 0.744373 7.034 0.655592 7.0242
70 4.17 0.657476 7.4596 0.784049 7.3016 0.674875 7.255
71 4.23 0.644652 7.686 0.850804 7.6004 0.659276 7.487
72 4.29 0.654429 7.9224 0.813884 7.8944 0.733241 7.7524
73 4.35 0.680657 8.1752 0.857283 8.2128 0.761521 8.0358
74 4.41 0.759715 8.4652 0.961957 8.58 0.791661 8.3386
75 4.47 0.790454 8.7752 1.02504 8.982 0.8586 8.676
76 4.53 0.766675 9.084 1.00403 9.3864 0.911331 9.0438
77 4.59 0.814474 9.4208 1.03889 9.816 0.871733 9.405
78 4.65 0.90952 9.8068 1.09519 10.2808 0.995649 9.8284
79 4.71 0.971929 10.23 1.12534 10.7708 1.02958 10.2776
80 4.77 1.01033 10.6812 1.2029 11.308 1.10485 10.772
81 4.83 1.05527 11.1644 1.1898 11.8528 1.14034 11.2952
82 4.89 1.06192 11.6628 1.19317 12.4128 1.13805 11.8304
83 4.95 1.06544 12.1752 1.23345 13.006 1.16499 12.3918
84 5.01 1.15699 12.7452 1.2593 13.6264 1.1717 12.9702
85 5.07 1.20588 13.3536 1.2154 14.2396 1.22998 13.592
86 5.13 1.22275 13.9852 1.22121 14.8704 1.23461 14.231
87 5.19 1.19313 14.616 1.17346 15.4908 1.25719 14.897
88 5.25 1.254 15.2944 1.21999 16.1508 1.24154 15.57
89 5.31 1.25691 15.99 1.14632 16.7852 1.20967 16.2408
90 5.37 1.26643 16.7068 1.14276 17.432 1.19266 16.9172
91 5.43 1.19091 17.396 1.12732 18.0844 1.20956 17.6186
92 5.49 1.22384 18.12 1.07306 18.7192 1.17686 18.3162
93 5.55 1.20414 18.848 1.02948 19.3416 1.16377 19.0212
94 5.61 1.19471 19.586 1.0529 19.992 1.12414 19.717
95 5.67 1.12202 20.294 0.972416 20.6056 1.07644 20.3976
96 5.73 1.15078 21.0356 0.967675 21.2292 1.05339 21.0778
97 5.79 1.10213 21.7608 0.93435 21.844 1.01196 21.745
98 5.85 1.05999 22.4728 0.98972 22.5088 1.02043 22.4318
99 5.91 1.03682 23.1836 0.942303 23.1548 0.947115 23.0824
100 5.97 0.994933 23.8796 0.893724 23.78 0.955279 23.752
101 6.03 0.924789 24.5396 0.905732 24.4264 0.931889 24.4184
102 6.09 0.941274 25.2248 0.872588 25.0616 0.921294 25.0904
103 6.15 0.918687 25.9068 0.845946 25.6896 0.863344 25.7326
104 6.21 0.886752 26.578 0.879353 26.3552 0.858345 26.3836
105 6.27 0.875564 27.2536 0.898892 27.0488 0.86657 27.0536
106 6.33 0.873794 27.9408 0.852433 27.7192 0.861133 27.7322
107 6.39 0.900385 28.6624 0.889904 28.4324 0.875921 28.4356
108 6.45 0.869996 29.3728 0.89106 29.16 0.863611 29.1422
109 6.51 0.858842 30.0872 0.882405 29.894 0.887838 29.8822
110 6.57 0.863528 30.8188 0.916879 30.6708 0.871225 30.6218
111 6.63 0.892941 31.5892 0.934204 31.4768 0.899253 31.3992
112 6.69 0.834649 32.3224 0.982181 32.3396 0.908643 32.199
113 6.75 0.879814 33.1092 0.959431 33.1976 0.912649 33.0168
114 6.81 0.920188 33.9468 1.01642 34.1228 0.962642 33.8948
115 6.87 0.933547 34.8116 1.00436 35.0532 0.962276 34.788
116 6.93 0.932304 35.6904 1.04306 36.0364 0.956908 35.6918
117 6.99 0.940142 36.592 1.03858 37.0324 0.984676 36.638
118 7.05 0.988173 37.556 1.05009 38.0568 1.01157 37.6268
119 7.11 1.0151 38.5632 1.07275 39.1212 1.02917 38.65
120 7.17 1.03545 39.608 1.04576 40.1764 1.06008 39.7218
121 7.23 0.983247 40.6168 1.07448 41.2788 1.01435 40.7646
122 7.29 1.03347 41.6948 1.04958 42.3736 1.0492 41.8612
123 7.35 1.031 42.788 1.06608 43.504 1.06 42.9874
124 7.41 1.04481 43.914 1.0745 44.662 1.06531 44.1378
125 7.47 1.08835 45.106 1.07228 45.8364 1.04863 45.2886
126 7.53 1.07827 46.306 1.08833 47.0476 1.09656 46.5114
127 7.59 1.0627 47.5076 1.06978 48.2572 1.09147 47.748
128 7.65 1.11122 48.784 1.04261 49.4548 1.05234 48.9592
129 7.71 1.10462 50.0728 1.04976 50.6796 1.05519 50.1928
130 7.77 1.09201 51.3668 1.02484 51.894 1.05799 51.449
131 7.83 1.05207 52.6328 1.06071 53.1704 1.0775 52.7482
132 7.89 1.06919 53.9392 1.025 54.4228 1.07588 54.0654
133 7.95 1.05699 55.2504 1.01958 55.6876 1.03991 55.358
134 8.01 1.07329 56.602 1.02183 56.9744 1.03057 56.6584
135 8.07 1.10683 58.0168 1.00169 58.2548 1.03232 57.9806
136 8.13 1.05664 59.3876 0.994051 59.5444 1.01391 59.2986
137 8.19 1.04182 60.7592 0.984401 60.8404 1.00775 60.628
138 8.25 0.991693 62.084 1.01086 62.1908 1.01108 61.9814
139 8.31 1.01402 63.4584 0.947913 63.4756 0.993288 63.3304
140 8.37 1.00099 64.8348 0.962589 64.7992 1.00029 64.7086
141 8.43 0.96098 66.1752 0.965855 66.1464 0.981238 66.08
142 8.49 0.976567 67.5568 0.962713 67.5084 0.983925 67.4748
143 8.55 0.973781 68.954 0.937539 68.8536 0.964182 68.861
144 8.61 0.976201 70.3744 0.955033 70.2432 0.930488 70.2176
145 8.67 0.942403 71.7648 0.958941 71.658 0.9531 71.6266
146 8.73 0.966395 73.2104 0.92575 73.0428 0.944981 73.043
147 8.79 0.943224 74.6408 0.946125 74.4776 0.953841 74.4924
148 8.85 0.948171 76.0984 0.989283 75.9984 0.948872 75.954
149 8.91 0.902329 77.5044 0.982165 77.5288 0.981098 77.4858
150 8.97 0.949567 79.004 0.954379 79.036 0.971682 79.0234
151 9.03 0.93874 80.5064 0.97298 80.5932 0.959311 80.5618
152 9.09 0.965358 82.072 0.988542 82.1964 0.974011 82.1446
153 9.15 0.943732 83.6228 0.982923 83.8116 0.972576 83.746
154 9.21 0.945892 85.1976 0.967274 85.422 1.00023 85.4146
155 9.27 0.947442 86.7956 1.01124 87.1276 1.00933 87.1204
156 9.33 0.976968 88.4648 1.00295 88.8412 0.975832 88.791
157 9.39 0.972381 90.1476 1.00844 90.5864 1.01461 90.5504
158 9.45 0.991794 91.886 0.992935 92.3268 1.00086 92.3082
159 9.51 0.942363 93.5588 1.01537 94.1292 1.00884 94.1026
160 9.57 1.01581 95.3848 0.992 95.9124 1.01189 95.9252
161 9.63 1.00011 97.2052 1.00033 97.7332 1.01972 97.785
162 9.69 0.997534 99.0436 1.02684 99.6256 1.04157 99.7084
163 9.75 1.00052 100.91 1.00566 101.502 1.03671 101.647
164 9.81 1.05544 102.904 1.02622 103.44 1.03241 103.601
165 9.87 1.00186 104.82 1.01336 105.378 1.04464 105.602
166 9.93 1.07618 106.902 1.01294 107.338 1.03195 107.603
167 9.99 1.02715 108.914 1.02755 109.351 1.02621 109.617
168 10.05 1.02561 110.948 1.0242 111.382 1.03313 111.67
169 10.11 1.0384 113.031 1.0071 113.402 1.05204 113.784
170 10.17 1.03249 115.127 0.99308 115.418 1.03613 115.892
171 10.23 1.02859 117.24 1.0062 117.485 1.0276 118.007
172 10.29 1.03857 119.398 1.00373 119.571 1.03784 120.168
173 10.35 1.04426 121.594 0.985092 121.642 1.02708 122.332
174 10.41 1.0315 123.788 0.983736 123.734 1.02935 124.526
175 10.47 1.0186 125.979 0.975654 125.834 1.03966 126.767
176 10.53 1.01677 128.192 0.993975 127.997 1.00308 128.955
177 10.59 1.01854 130.434 1.00201 130.202 1.00807 131.178
178 10.65 1.02561 132.717 0.982483 132.39 1.00374 133.417
179 10.71 1.00793 134.986 1.00704 134.657 0.994386 135.66
180 10.77 1.01219 137.291 0.996729 136.926 0.990527 137.92
181 10.83 0.97251 139.53 0.969903 139.159 0.985911 140.194
182 10.89 0.996192 141.848 0.969041 141.414 0.985625 142.493
183 10.95 0.953691 144.093 0.975617 143.71 1.00242 144.857
184 11.01 0.959296 146.375 0.988886 146.063 0.999659 147.24
185 11.07 0.996488 148.772 0.969048 148.394 0.998064 149.645
186 11.13 0.959616 151.105 0.972448 150.758 0.99234 152.063
187 11.19 0.985484 153.527 0.981741 153.171 0.993665 154.51
188 11.25 0.94505 155.875 0.970331 155.582 0.975863 156.939
189 11.31 0.956876 158.277 0.97249 158.023 0.983265 159.412
190 11.37 0.960361 160.714 0.988264 160.531 0.98676 161.921
191 11.43 0.975888 163.216 0.983064 163.052 0.995342 164.479
192 11.49 0.983321 165.764 0.983629 165.6 0.981739 167.028
193 11.55 0.98581 168.346 0.98581 168.182 1.00625 169.668
194 11.61 0.993337 170.974 0.974892 170.761 0.992105 172.298
195 11.67 0.989584 173.619 0.981802 173.385 0.987978 174.944
196 11.73 0.962305 176.218 1.04007 176.194 1.0048 177.663
197 11.79 0.992707 178.926 0.995053 178.909 0.997818 180.391
198 11.85 0.986308 181.644 0.992403 181.644 0.999036 183.15
199 11.91 0.997946 184.423 1.0103 184.457 1.01731 185.988
200 11.97 1.00831 187.258 0.997354 187.262 1.01495 188.848
65000 200
1 0.03 0 0 0 0 0 0
2 0.09 0 0 0 0 0 0
3 0.15 0 0 0 0 0 0
4 0.21 0 0 0 0 0 0
5 0.27 0 0 0 0 0 0
6 0.33 0 0 0 0 0 0
7 0.39 0 0 0 0 0 0
8 0.45 0 0 0 0 0 0
9 0.51 0 0 0 0 0 0
10 0.57 0 0 0 0 0 0
11 0.63 0 0 0 0 0 0
12 0.69 0 0 0 0 0 0
13 0.75 0 0 0 0 0 0
14 0.81 0 0 0 0 0 0
15 0.87 0 0 0 0 0 0
16 0.93 0 0 0 0 0 0
17 0.99 0 0 0 0 0 0
18 1.05 0 0 0 0 0 0
19 1.11 0 0 0 0 0 0
20 1.17 0 0 0 0 0 0
21 1.23 0 0 0 0 0 0
22 1.29 0 0 0 0 0 0
23 1.35 0 0 0 0 0 0
24 1.41 0 0 0 0 0 0
25 1.47 0 0 0 0 0 0
26 1.53 0 0 0 0 0 0
27 1.59 0 0 0 0 0 0
28 1.65 0 0 0 0 0 0
29 1.71 0 0 0 0 0 0
30 1.77 0 0 0 0 0 0
31 1.83 0 0 0 0 0 0
32 1.89 0 0 0 0 0 0
33 1.95 0 0 0 0 0 0
34 2.01 0 0 0 0 0 0
35 2.07 0 0 0 0 0 0
36 2.13 0 0 0.013475 0.0012 0 0
37 2.19 0 0 0.0382405 0.0048 0 0
38 2.25 0 0 0.221395 0.0268 0.00200866 0.0002
39 2.31 0 0 0.6034 0.09 0.0304908 0.0034
40 2.37 0 0 1.40769 0.2452 0.210008 0.0266
41 2.43 0.0310602 0.0036 2.02582 0.48 0.630295 0.0998
42 2.49 0.131473 0.0196 2.4947 0.7836 1.25634 0.253
43 2.55 0.564117 0.0916 2.84565 1.1468 1.99548 0.5082
44 2.61 1.2385 0.2572 2.56675 1.49 2.4213 0.8326
45 2.67 1.92957 0.5272 2.54417 1.846 2.80725 1.2262
46 2.73 2.29138 0.8624 2.40349 2.1976 2.66884 1.6174
47 2.79 2.52638 1.2484 2.24102 2.54 2.5566 2.0088
48 2.85 2.60428 1.6636 1.83906 2.8332 2.35745 2.3854
49 2.91 2.58464 2.0932 1.66533 3.11 2.13995 2.7418
50 2.97 2.52285 2.53 1.47859 3.366 1.86069 3.0646
51 3.03 2.23747 2.9332 1.32295 3.6044 1.59389 3.3524
52 3.09 2.00416 3.3088 1.1867 3.8268 1.48467 3.6312
53 3.15 1.6944 3.6388 1.05156 4.0316 1.30362 3.8856
54 3.21 1.65934 3.9744 0.990859 4.232 1.20205 4.1292
55 3.27 1.45035 4.2788 0.886221 4.418 0.998571 4.3392
56 3.33 1.29748 4.5612 0.79944 4.592 0.930814 4.5422
57 3.39 1.08704 4.8064 0.707553 4.7516 0.866302 4.738
58 3.45 0.999909 5.04 0.816706 4.9424 0.829597 4.9322
59 3.51 0.919701 5.2624 0.669926 5.1044 0.744524 5.1126
60 3.57 0.839478 5.4724 0.721152 5.2848 0.701358 5.2884
61 3.63 0.827423 5.6864 0.665031 5.4568 0.662158 5.46
62 3.69 0.773793 5.8932 0.666031 5.6348 0.630344 5.6288
63 3.75 0.713001 6.09 0.652135 5.8148 0.650107 5.8086
64 3.81 0.661239 6.2784 0.675278 6.0072 0.616483 5.9846
65 3.87 0.655863 6.4712 0.681716 6.2076 0.591405 6.1588
66 3.93 0.621476 6.6596 0.683491 6.4148 0.643277 6.3542
67 3.99 0.634928 6.858 0.727095 6.642 0.620883 6.5486
68 4.05 0.629922 7.0608 0.723106 6.8748 0.627422 6.751
69 4.11 0.70456 7.2944 0.717831 7.1128 0.669438 6.9734
70 4.17 0.641068 7.5132 0.788737 7.382 0.696513 7.2116
71 4.23 0.617317 7.73 0.817774 7.6692 0.732024 7.4692
72 4.29 0.674361 7.9736 0.85264 7.9772 0.768052 7.7472
73 4.35 0.706505 8.236 0.953135 8.3312 0.775494 8.0358
74 4.41 0.689507 8.4992 0.878126 8.6664 0.811008 8.346
75 4.47 0.749657 8.7932 0.910808 9.0236 0.866234 8.6864
76 4.53 0.796468 9.114 0.981185 9.4188 0.924216 9.0594
77 4.59 0.773847 9.434 1.03792 9.848 0.923863 9.4422
78 4.65 0.895382 9.814 1.08671 10.3092 0.975425 9.857
79 4.71 0.970092 10.2364 1.11432 10.7944 0.989697 10.2888
80 4.77 1.00764 10.6864 1.10796 11.2892 1.08563 10.7746
81 4.83 1.0509 11.1676 1.26842 11.87 1.08498 11.2724
82 4.89 1.08749 11.678 1.22044 12.4428 1.15676 11.8164
83 4.95 1.11701 12.2152 1.22513 13.032 1.1845 12.3872
84 5.01 1.18379 12.7984 1.18298 13.6148 1.21424 12.9866
85 5.07 1.20905 13.4084 1.19795 14.2192 1.24026 13.6136
86 5.13 1.21811 14.0376 1.23902 14.8592 1.25818 14.2648
87 5.19 1.17346 14.658 1.25139 15.5208 1.22661 14.9146
88 5.25 1.23552 15.3264 1.18302 16.1608 1.20612 15.5684
89 5.31 1.22149 16.0024 1.16584 16.806 1.1956 16.2314
90 5.37 1.20707 16.6856 1.16042 17.4628 1.22687 16.9272
91 5.43 1.25588 17.4124 1.15151 18.1292 1.16818 17.6046
92 5.49 1.20288 18.124 1.07577 18.7656 1.19542 18.3132
93 5.55 1.14724 18.8176 1.05065 19.4008 1.12283 18.9934
94 5.61 1.20313 19.5608 1.04124 20.044 1.11057 19.6808
95 5.67 1.15371 20.2888 0.979389 20.662 1.09289 20.3718
96 5.73 1.13154 21.018 0.986917 21.298 1.028 21.0356
97 5.79 1.03648 21.7 0.968393 21.9352 0.982836 21.6836
98 5.85 1.06594 22.416 0.934338 22.5628 0.982094 22.3446
99 5.91 1.01815 23.114 0.895042 23.1764 0.967787 23.0094
100 5.97 1.00751 23.8188 0.89258 23.8008 0.931597 23.6624
101 6.03 0.975232 24.5148 0.883313 24.4312 0.923778 24.323
102 6.09 0.962704 25.2156 0.90226 25.088 0.891956 24.9736
103 6.15 0.894979 25.88 0.892285 25.7504 0.897759 25.6414
104 6.21 0.874597 26.542 0.892036 26.4256 0.880232 26.309
105 6.27 0.895263 27.2328 0.889042 27.1116 0.868639 26.9806
106 6.33 0.876337 27.922 0.898716 27.8184 0.899964 27.6898
107 6.39 0.901383 28.6444 0.911365 28.5488 0.878909 28.3956
108 6.45 0.843543 29.3332 0.906735 29.2892 0.891233 29.1248
109 6.51 0.834317 30.0272 0.927126 30.0604 0.882079 29.86
110 6.57 0.854558 30.7512 0.943791 30.86 0.897376 30.6218
111 6.63 0.898969 31.5268 0.91705 31.6512 0.894626 31.3952
112 6.69 0.876996 32.2972 0.939379 32.4764 0.913642 32.1994
113 6.75 0.893232 33.096 0.959878 33.3348 0.938317 33.0402
114 6.81 0.90261 33.9176 0.975557 34.2228 0.949266 33.906
115 6.87 0.93916 34.7876 0.987522 35.1376 0.981453 34.817
116 6.93 0.947581 35.6808 0.979407 36.0608 0.981684 35.7442
117 6.99 0.967671 36.6088 1.01188 37.0312 0.979889 36.6858
118 7.05 0.94922 37.5348 1.04476 38.0504 1.03592 37.6984
119 7.11 1.0147 38.5416 1.02035 39.0628 1.0183 38.7108
120 7.17 1.02871 39.5796 1.05289 40.1252 1.03199 39.7542
121 7.23 1.0234 40.6296 1.04134 41.1936 1.05968 40.8436
122 7.29 1.05264 41.7276 1.06645 42.306 1.07369 41.9658
123 7.35 1.03779 42.828 1.06533 43.4356 1.07826 43.1114
124 7.41 1.03701 43.9456 1.08898 44.6092 1.12773 44.3292
125 7.47 1.04562 45.0908 1.02115 45.7276 1.07214 45.5058
126 7.53 1.06353 46.2744 1.03334 46.8776 1.12095 46.7558
127 7.59 1.07261 47.4872 1.01317 48.0232 1.06728 47.965
128 7.65 1.04227 48.6844 1.02938 49.2056 1.08797 49.2172
129 7.71 1.04222 49.9004 1.03571 50.414 1.10874 50.5134
130 7.77 1.04813 51.1424 1.02652 51.6304 1.08444 51.801
131 7.83 1.06071 52.4188 1.03312 52.8736 1.07783 53.1006
132 7.89 1.06952 53.7256 1.01616 54.1152 1.03798 54.3714
133 7.95 1.02958 55.0028 1.01894 55.3792 1.04377 55.6688
134 8.01 1.01326 56.2788 0.984036 56.6184 1.0377 56.9782
135 8.07 1.06052 57.6344 0.980098 57.8712 1.03872 58.3086
136 8.13 1.02303 58.9616 0.966301 59.1248 1.00329 59.6128
137 8.19 1.00233 60.2812 0.944903 60.3688 1.01003 60.9452
138 8.25 0.985704 61.598 0.959355 61.6504 0.979101 62.2558
139 8.31 0.996607 62.9488 0.951159 62.9396 1.01067 63.6284
140 8.37 1.0039 64.3292 0.935244 64.2256 0.985195 64.9858
141 8.43 0.972451 65.6856 0.977326 65.5888 1.00814 66.3948
142 8.49 0.979959 67.072 0.929067 66.9032 0.964032 67.7614
143 8.55 0.959006 68.448 0.991065 68.3252 0.969608 69.1554
144 8.61 0.93579 69.8096 0.939638 69.6924 0.969447 70.5688
145 8.67 0.940776 71.1976 0.954332 71.1004 0.97664 72.0126
146 8.73 0.954362 72.6252 0.944468 72.5132 0.963395 73.4566
147 8.79 0.944806 74.058 0.976458 73.994 0.982666 74.9498
148 8.85 0.950773 75.5196 0.960661 75.4708 0.952637 76.4172
149 8.91 0.960345 77.016 0.953671 76.9568 0.963292 77.9212
150 8.97 0.962738 78.5364 0.967804 78.4852 0.973957 79.4624
151 9.03 0.93649 80.0352 0.975729 80.0468 0.976646 81.0286
152 9.09 0.956232 81.586 0.984102 81.6428 0.977827 82.6176
153 9.15 0.956877 83.1584 1.01311 83.3076 0.986544 84.242
154 9.21 0.980008 84.79 0.986014 84.9492 0.985121 85.8854
155 9.27 1.00175 86.4796 1.03234 86.6904 0.99099 87.5602
156 9.33 0.983757 88.1604 0.981182 88.3668 1.01018 89.2896
157 9.39 1.01953 89.9248 1.03571 90.1592 1.00227 91.0276
158 9.45 0.988371 91.6572 1.00412 91.9192 1.01054 92.8024
159 9.51 1.01627 93.4612 1.01244 93.7164 1.02796 94.6308
160 9.57 1.00313 95.2644 1.01559 95.542 0.999787 96.4316
161 9.63 1.00407 97.092 1.0355 97.4268 1.03101 98.312
162 9.69 1.06373 99.0524 1.01707 99.3012 1.02034 100.196
163 9.75 1.00823 100.934 1.0241 101.212 1.00098 102.068
164 9.81 0.991279 102.806 1.0366 103.17 1.01751 103.993
165 9.87 1.0301 104.776 1.03407 105.147 1.02908 105.965
166 9.93 1.04208 106.792 1.02286 107.127 1.00936 107.922
167 9.99 1.0347 108.819 1.01469 109.114 1.00543 109.896
168 10.05 1.02178 110.845 1.00201 111.101 1.04622 111.974
169 10.11 1.02584 112.903 1.01547 113.138 1.01185 114.008
170 10.17 1.05889 115.052 1.00963 115.188 1.0198 116.082
171 10.23 1.00581 117.118 1.00464 117.251 1.01779 118.177
172 10.29 1.01086 119.219 1.03164 119.395 1.02843 120.319
173 10.35 1.03018 121.385 1.01211 121.523 1.01255 122.452
174 10.41 0.997465 123.507 1.01909 123.691 0.995094 124.573
175 10.47 1.01748 125.696 1.01971 125.885 1.01452 126.76
176 10.53 1.00353 127.88 1.00813 128.079 0.992996 128.925
177 10.59 0.992012 130.064 0.981653 130.24 0.997735 131.126
178 10.65 0.999552 132.289 0.987334 132.438 0.99047 133.335
179 10.71 1.00526 134.552 0.981099 134.646 0.992879 135.575
180 10.77 1.00938 136.85 0.998134 136.919 0.987458 137.828
181 10.83 1.00135 139.155 0.97807 139.17 0.989726 140.111
182 10.89 1.00427 141.493 0.972134 141.433 0.980394 142.397
183 10.95 0.969158 143.774 0.979696 143.739 0.991985 144.737
184 11.01 1.00133 146.156 0.995106 146.106 0.987831 147.092
185 11.07 0.977363 148.507 0.987841 148.482 0.975658 149.443
186 11.13 0.992848 150.921 0.966525 150.832 0.988974 151.852
187 11.19 0.973277 153.313 1.01429 153.325 0.997888 154.31
188 11.25 0.968559 155.719 0.951813 155.69 0.992736 156.781
189 11.31 0.989537 158.203 0.991449 158.179 0.974361 159.232
190 11.37 0.996619 160.732 1.00056 160.718 0.983849 161.733
191 11.43 0.997103 163.289 1.01099 163.31 0.984445 164.263
192 11.49 0.987952 165.849 1.00107 165.904 1.00554 166.874
193 11.55 0.991157 168.444 0.992532 168.503 1.00724 169.516
194 11.61 0.997722 171.084 0.994698 171.134 0.999046 172.165
195 11.67 0.988237 173.725 0.979258 173.752 0.993205 174.825
196 11.73 1.00778 176.447 1.01903 176.504 1.00643 177.548
197 11.79 0.984643 179.133 1.01397 179.27 1.00572 180.298
198 11.85 1.01867 181.941 1.00866 182.05 0.992446 183.038
199 11.91 0.988464 184.693 1.01993 184.89 1.0085 185.852
200 11.97 1.02082 187.564 1.01456 187.743 1.0185 188.722
