# Time-averaged data for fix rdfout
# TimeStep Number-of-rows
# Row c_myrdf[1] c_myrdf[2] c_myrdf[3] c_myrdf[4] c_myrdf[5] c_myrdf[6] c_myrdf[7]
20000 200
1 0.03 0 0 0 0 0 0
2 0.09 0 0 0 0 0 0
3 0.15 0 0 0 0 0 0
4 0.21 0 0 0 0 0 0
5 0.27 0 0 0 0 0 0
6 0.33 0 0 0 0 0 0
7 0.39 0 0 0 0 0 0
8 0.45 0 0 0 0 0 0
9 0.51 0 0 0 0 0 0
10 0.57 0 0 0 0 0 0
11 0.63 0 0 0 0 0 0
12 0.69 0 0 0 0 0 0
13 0.75 0 0 0 0 0 0
14 0.81 0 0 0 0 0 0
15 0.87 0 0 0 0 0 0
16 0.93 0 0 0 0 0 0
17 0.99 0 0 0 0 0 0
18 1.05 0 0 0 0 0 0
19 1.11 0 0 0 0 0 0
20 1.17 0 0 0 0 0 0
21 1.23 0 0 0 0 0 0
22 1.29 0 0 0 0 0 0
23 1.35 0 0 0 0 0 0
24 1.41 0 0 0 0 0 0
25 1.47 0 0 0 0 0 0
26 1.53 0 0 0 0 0 0
27 1.59 0 0 0 0 0 0
28 1.65 0 0 0 0 0 0
29 1.71 0 0 0 0 0 0
30 1.77 0 0 0 0 0 0
31 1.83 0 0 0 0 0 0
32 1.89 0 0 0 0 0 0
33 1.95 0 0 0 0 0 0
34 2.01 0 0 0 0 0 0
35 2.07 0 0 0 0 0 0
36 2.13 0 0 0 0 0 0
37 2.19 0 0 0 0 0 0
38 2.25 0 0 0 0 0 0
39 2.31 0 0 0 0 0 0
40 2.37 0.00725616 0.0008 0.0145123 0.0016 0.0108625 0.0012
41 2.43 0.0931807 0.0116 0.0690227 0.0096 0.0637183 0.0086
42 2.49 0.315536 0.05 0.315536 0.048 0.288662 0.0438
43 2.55 0.877515 0.162 0.993472 0.1748 0.882015 0.1566
44 2.61 1.74707 0.3956 1.81288 0.4172 1.6555 0.3784
45 2.67 2.57275 0.7556 2.46699 0.7624 2.5134 0.7308
46 2.73 2.95036 1.1872 3.05153 1.2088 2.97857 1.1674
47 2.79 3.11282 1.6628 3.17827 1.6944 3.07262 1.6378
48 2.85 3.24156 2.1796 3.16378 2.1988 3.04352 2.124
49 2.91 2.85176 2.6536 2.77716 2.6604 2.86528 2.6012
50 2.97 2.5113 3.0884 2.58523 3.108 2.53625 3.0412
51 3.03 2.3196 3.5064 2.28187 3.5192 2.16875 3.4328
52 3.09 1.93799 3.8696 1.80353 3.8572 1.83613 3.7776
53 3.15 1.54858 4.1712 1.63895 4.1764 1.61927 4.0936
54 3.21 1.47541 4.4696 1.32312 4.444 1.36982 4.3712
55 3.27 1.19878 4.7212 1.1721 4.69 1.19353 4.6222
56 3.33 1.04754 4.9492 1.0163 4.9112 0.996843 4.8396
57 3.39 0.883111 5.1484 0.920351 5.1188 0.906122 5.0444
58 3.45 0.912588 5.3616 0.81157 5.3084 0.780044 5.227
59 3.51 0.764212 5.5464 0.681505 5.4732 0.776716 5.4152
60 3.57 0.591632 5.6944 0.676379 5.6424 0.675027 5.5844
61 3.63 0.579969 5.8444 0.646472 5.8096 0.615853 5.744
62 3.69 0.553779 5.9924 0.579222 5.9644 0.575823 5.8982
63 3.75 0.539098 6.1412 0.5362 6.1124 0.555375 6.0518
64 3.81 0.495579 6.2824 0.487155 6.2512 0.502994 6.1954
65 3.87 0.451756 6.4152 0.507545 6.4004 0.535727 6.3532
66 3.93 0.460499 6.5548 0.476333 6.5448 0.467479 6.4952
67 3.99 0.481316 6.7052 0.476196 6.6936 0.511015 6.6552
68 4.05 0.473373 6.8576 0.516859 6.86 0.505286 6.8182
69 4.11 0.505498 7.0252 0.529627 7.0356 0.531578 6.9948
70 4.17 0.530903 7.2064 0.593018 7.238 0.560836 7.1866
71 4.23 0.579731 7.41 0.626428 7.458 0.609262 7.401
72 4.29 0.611243 7.6308 0.605707 7.6768 0.597865 7.6174
73 4.35 0.69035 7.8872 0.636501 7.9132 0.66586 7.8652
74 4.41 0.711513 8.1588 0.684268 8.1744 0.700155 8.133
75 4.47 0.727218 8.444 0.766996 8.4752 0.770551 8.4358
76 4.53 0.792496 8.7632 0.828247 8.8088 0.835015 8.7728
77 4.59 0.893793 9.1328 0.84833 9.1596 0.879456 9.1372
78 4.65 0.983978 9.5504 0.985863 9.578 0.99706 9.5612
79 4.71 0.982034 9.978 0.996733 10.012 1.07771 10.0314
80 4.77 1.09184 10.4656 1.02466 10.4696 1.13211 10.538
81 4.83 1.12516 10.9808 1.14001 10.9916 1.19396 11.0858
82 4.89 1.16249 11.5264 1.22641 11.5672 1.19503 11.6478
83 4.95 1.22513 12.1156 1.20684 12.1476 1.2231 12.2372
84 5.01 1.20003 12.7068 1.27472 12.7756 1.30661 12.8822
85 5.07 1.30578 13.3656 1.24869 13.4056 1.28813 13.5334
86 5.13 1.3211 14.048 1.28238 14.068 1.26784 14.1896
87 5.19 1.34672 14.76 1.33386 14.7732 1.28513 14.8704
88 5.25 1.33977 15.4848 1.32203 15.4884 1.34927 15.6018
89 5.31 1.30027 16.2044 1.2916 16.2032 1.31751 16.3324
90 5.37 1.35477 16.9712 1.31519 16.9476 1.31468 17.078
91 5.43 1.3637 17.7604 1.28836 17.6932 1.30855 17.8368
92 5.49 1.29078 18.524 1.23263 18.4224 1.27403 18.592
93 5.55 1.27957 19.2976 1.21274 19.1556 1.2397 19.343
94 5.61 1.22709 20.0556 1.24198 19.9228 1.23627 20.1082
95 5.67 1.17336 20.796 1.16449 20.6576 1.17481 20.851
96 5.73 1.1663 21.5476 1.17499 21.4148 1.0983 21.5602
97 5.79 1.07599 22.2556 1.05654 22.11 1.09568 22.2826
98 5.85 1.02009 22.9408 1.02426 22.798 1.05044 22.9896
99 5.91 1.02632 23.6444 0.987814 23.4752 0.967204 23.654
100 5.97 0.902873 24.276 0.971489 24.1548 0.966978 24.3318
101 6.03 0.910216 24.9256 0.919184 24.8108 0.908675 24.9816
102 6.09 0.824782 25.526 0.912151 25.4748 0.880714 25.624
103 6.15 0.793681 26.1152 0.858339 26.112 0.834575 26.2448
104 6.21 0.819638 26.7356 0.782646 26.7044 0.824064 26.8698
105 6.27 0.775514 27.334 0.797287 27.3196 0.791554 27.4818
106 6.33 0.757322 27.9296 0.773598 27.928 0.789816 28.1042
107 6.39 0.772115 28.5484 0.763131 28.5396 0.750398 28.7068
108 6.45 0.756348 29.166 0.768594 29.1672 0.766324 29.3338
109 6.51 0.804984 29.8356 0.749202 29.7904 0.76882 29.9746
110 6.57 0.748328 30.4696 0.784683 30.4552 0.778401 30.6354
111 6.63 0.740409 31.1084 0.796971 31.1428 0.784041 31.3132
112 6.69 0.790481 31.8028 0.836015 31.8772 0.79049 32.009
113 6.75 0.834638 32.5492 0.843136 32.6312 0.848592 32.7694
114 6.81 0.858226 33.3304 0.879759 33.432 0.857387 33.5514
115 6.87 0.90073 34.1648 0.872232 34.24 0.906255 34.3926
116 6.93 0.933153 35.0444 0.926363 35.1132 0.935733 35.2764
117 6.99 0.939308 35.9452 0.920956 35.9964 1.00611 36.2432
118 7.05 1.00744 36.928 1.00211 36.974 1.0087 37.2292
119 7.11 1.03687 37.9568 1.02559 37.9916 1.05411 38.2772
120 7.17 1.07152 39.038 1.04853 39.0496 1.08006 39.3692
121 7.23 1.04407 40.1092 1.06356 40.1408 1.08478 40.4844
122 7.29 1.09483 41.2512 1.07297 41.26 1.1334 41.669
123 7.35 1.1155 42.434 1.12229 42.45 1.13285 42.8726
124 7.41 1.16172 43.686 1.13797 43.6764 1.15995 44.1252
125 7.47 1.14131 44.936 1.11246 44.8948 1.14012 45.3764
126 7.53 1.16021 46.2272 1.16668 46.1932 1.18587 46.6988
127 7.59 1.16034 47.5392 1.14194 47.4844 1.15378 48.006
128 7.65 1.12027 48.826 1.13594 48.7892 1.15817 49.339
129 7.71 1.1341 50.1492 1.1533 50.1348 1.1604 50.6956
130 7.77 1.1548 51.5176 1.13049 51.4744 1.12217 52.028
131 7.83 1.14581 52.8964 1.09894 52.7968 1.11897 53.3772
132 7.89 1.09047 54.2288 1.10226 54.1436 1.09744 54.7208
133 7.95 1.10342 55.5976 1.10148 55.51 1.08834 56.0736
134 8.01 1.09108 56.9716 1.09267 56.886 1.08953 57.4484
135 8.07 1.04519 58.3076 1.06647 58.2492 1.03701 58.7766
136 8.13 1.04986 59.6696 1.04277 59.602 1.01622 60.0976
137 8.19 1.02238 61.0156 1.0084 60.9296 1.02291 61.447
138 8.25 0.980015 62.3248 1.02643 62.3008 1.01137 62.8008
139 8.31 0.964144 63.6316 0.994836 63.6492 0.991963 64.148
140 8.37 0.952407 64.9412 0.967243 64.9792 0.957905 65.4678
141 8.43 0.958112 66.2776 0.948075 66.3016 0.951759 66.798
142 8.49 0.942921 67.6116 0.936701 67.6268 0.9495 68.144
143 8.55 0.941164 68.962 0.930012 68.9612 0.915911 69.4608
144 8.61 0.903625 70.2768 0.921219 70.3016 0.903738 70.7784
145 8.67 0.902277 71.608 0.923153 71.6636 0.899526 72.1082
146 8.73 0.904625 72.9612 0.915054 73.0324 0.902682 73.4612
147 8.79 0.903659 74.3316 0.901549 74.3996 0.895666 74.8222
148 8.85 0.891448 75.702 0.914606 75.8056 0.909011 76.2224
149 8.91 0.933134 77.156 0.909774 77.2232 0.888227 77.6092
150 8.97 0.910561 78.594 0.93361 78.6976 0.901662 79.036
151 9.03 0.897251 80.03 0.891753 80.1248 0.895706 80.4724
152 9.09 0.929101 81.5368 0.954752 81.6732 0.901151 81.9368
153 9.15 0.923528 83.0544 0.921338 83.1872 0.938565 83.4822
154 9.21 0.932437 84.6068 0.951177 84.7708 0.951792 85.07
155 9.27 0.950288 86.2096 0.950288 86.3736 0.956671 86.6868
156 9.33 0.974393 87.8744 0.987737 88.0612 0.968005 88.344
157 9.39 1.01768 89.6356 0.989947 89.7744 0.984738 90.0516
158 9.45 0.977873 91.3496 1.00183 91.5304 0.994593 91.7984
159 9.51 1.00027 93.1252 1.01898 93.3392 1.0238 93.6194
160 9.57 1.0167 94.9528 1.01247 95.1592 1.03088 95.4762
161 9.63 1.04363 96.8524 1.03132 97.0364 1.03408 97.3622
162 9.69 1.03639 98.7624 1.08348 99.0332 1.05955 99.3188
163 9.75 1.08584 100.788 1.04103 100.976 1.06634 101.312
164 9.81 1.06815 102.806 1.05629 102.971 1.05598 103.311
165 9.87 1.09119 104.892 1.06357 105.004 1.06666 105.355
166 9.93 1.07928 106.981 1.07597 107.087 1.08506 107.459
167 9.99 1.09065 109.118 1.07309 109.189 1.08236 109.583
168 10.05 1.0926 111.284 1.03167 111.234 1.08881 111.746
169 10.11 1.09163 113.474 1.08246 113.406 1.07672 113.91
170 10.17 1.06697 115.64 1.08431 115.607 1.05943 116.065
171 10.23 1.07494 117.848 1.04553 117.754 1.08367 118.296
172 10.29 1.01721 119.962 1.01644 119.867 1.03553 120.452
173 10.35 1.03969 122.148 1.03494 122.043 1.03325 122.629
174 10.41 1.03903 124.358 1.04128 124.258 1.03216 124.829
175 10.47 1.03552 126.586 1.02064 126.454 1.025 127.039
176 10.53 1.03312 128.834 1.00004 128.63 1.0162 129.255
177 10.59 1.00691 131.05 1.01582 130.866 1.01188 131.486
178 10.65 1.00566 133.289 1.00512 133.104 0.99029 133.695
179 10.71 0.991227 135.521 1.00686 135.37 0.983304 135.914
180 10.77 0.976875 137.745 0.974415 137.589 0.980006 138.149
181 10.83 0.958957 139.952 0.953918 139.785 0.975073 140.398
182 10.89 0.954434 142.174 0.985194 142.078 0.976878 142.677
183 10.95 0.954371 144.42 0.947232 144.307 0.961622 144.944
184 11.01 0.942316 146.662 0.950722 146.569 0.945549 147.199
185 11.07 0.939446 148.922 0.972208 148.908 0.940057 149.464
186 11.13 0.928193 151.178 0.946619 151.209 0.96057 151.804
187 11.19 0.92559 153.453 0.94154 153.523 0.954438 154.155
188 11.25 0.924278 155.749 0.952618 155.89 0.965658 156.558
189 11.31 0.941741 158.114 0.968188 158.32 0.967524 158.992
190 11.37 0.960361 160.55 0.961465 160.76 0.965678 161.448
191 11.43 0.945158 162.974 0.963877 163.232 0.966931 163.932
192 11.49 0.94936 165.434 0.968038 165.74 0.965717 166.439
193 11.55 0.976186 167.99 0.97695 168.298 0.976597 169.002
194 11.61 0.966727 170.548 0.97217 170.87 0.995802 171.641
195 11.67 0.996168 173.21 0.997964 173.538 0.975956 174.255
196 11.73 0.990002 175.884 0.978597 176.18 0.994157 176.946
197 11.79 0.994906 178.598 0.991241 178.885 0.999208 179.677
198 11.85 1.02433 181.422 0.992403 181.62 0.995488 182.426
199 11.91 1.02481 184.275 1.00226 184.41 1.00764 185.237
200 11.97 1.03604 187.188 1.02452 187.292 1.02992 188.14
25000 200
1 0.03 0 0 0 0 0 0
2 0.09 0 0 0 0 0 0
3 0.15 0 0 0 0 0 0
4 0.21 0 0 0 0 0 0
5 0.27 0 0 0 0 0 0
6 0.33 0 0 0 0 0 0
7 0.39 0 0 0 0 0 0
8 0.45 0 0 0 0 0 0
9 0.51 0 0 0 0 0 0
10 0.57 0 0 0 0 0 0
11 0.63 0 0 0 0 0 0
12 0.69 0 0 0 0 0 0
13 0.75 0 0 0 0 0 0
14 0.81 0 0 0 0 0 0
15 0.87 0 0 0 0 0 0
16 0.93 0 0 0 0 0 0
17 0.99 0 0 0 0 0 0
18 1.05 0 0 0 0 0 0
19 1.11 0 0 0 0 0 0
20 1.17 0 0 0 0 0 0
21 1.23 0 0 0 0 0 0
22 1.29 0 0 0 0 0 0
23 1.35 0 0 0 0 0 0
24 1.41 0 0 0 0 0 0
25 1.47 0 0 0 0 0 0
26 1.53 0 0 0 0 0 0
27 1.59 0 0 0 0 0 0
28 1.65 0 0 0 0 0 0
29 1.71 0 0 0 0 0 0
30 1.77 0 0 0 0 0 0
31 1.83 0 0 0 0 0 0
32 1.89 0 0 0 0 0 0
33 1.95 0 0 0 0 0 0
34 2.01 0 0 0 0 0 0
35 2.07 0 0 0 0 0 0
36 2.13 0 0 0 0 0 0
37 2.19 0 0 0 0 0 0
38 2.25 0 0 0 0 0 0
39 2.31 0 0 0 0 0 0
40 2.37 0 0 0.00725616 0.0008 0.00181041 0.0002
41 2.43 0.0862784 0.01 0.0552182 0.0072 0.0637183 0.0076
42 2.49 0.354977 0.0532 0.295815 0.0432 0.344427 0.0496
43 2.55 0.92139 0.1708 0.92139 0.1608 0.971155 0.1738
44 2.61 1.68424 0.396 1.84878 0.408 1.77194 0.4112
45 2.67 2.40981 0.7332 2.50415 0.7584 2.58615 0.7738
46 2.73 2.85739 1.1512 2.8738 1.1788 3.05771 1.222
47 2.79 3.1547 1.6332 3.20706 1.6688 3.27511 1.7234
48 2.85 2.9179 2.0984 3.09604 2.1624 3.17999 2.2314
49 2.91 2.85898 2.5736 2.6809 2.608 2.85086 2.7062
50 2.97 2.38885 2.9872 2.54133 3.048 2.58813 3.1552
51 3.03 2.15534 3.3756 2.26633 3.4564 2.19755 3.552
52 3.09 1.82914 3.7184 1.86116 3.8052 1.82548 3.8948
53 3.15 1.60198 4.0304 1.47464 4.0924 1.50039 4.1876
54 3.21 1.38443 4.3104 1.28752 4.3528 1.37772 4.4668
55 3.27 1.21212 4.5648 1.07109 4.5776 1.10604 4.6994
56 3.33 1.05122 4.7936 0.994246 4.794 1.00418 4.9184
57 3.39 0.959364 5.01 0.899071 4.9968 0.91674 5.1256
58 3.45 0.828692 5.2036 0.770478 5.1768 0.823617 5.3184
59 3.51 0.721204 5.378 0.676543 5.3404 0.726365 5.4944
60 3.57 0.698766 5.5528 0.687573 5.5124 0.663058 5.6606
61 3.63 0.610901 5.7108 0.578422 5.662 0.603505 5.817
62 3.69 0.61215 5.8744 0.544798 5.8076 0.592254 5.9756
63 3.75 0.57098 6.032 0.575328 5.9664 0.511987 6.1172
64 3.81 0.495579 6.1732 0.572793 6.1296 0.528214 6.268
65 3.87 0.547006 6.334 0.504824 6.278 0.537764 6.4264
66 3.93 0.530431 6.4948 0.53439 6.44 0.523445 6.5854
67 3.99 0.506918 6.6532 0.568363 6.6176 0.511653 6.7456
68 4.05 0.511889 6.818 0.544193 6.7928 0.521405 6.9138
69 4.11 0.558581 7.0032 0.553755 6.9764 0.549036 7.0962
70 4.17 0.571922 7.1984 0.57075 7.1712 0.561421 7.2882
71 4.23 0.599093 7.4088 0.597954 7.3812 0.600168 7.4994
72 4.29 0.643356 7.6412 0.617887 7.6044 0.607258 7.7192
73 4.35 0.661271 7.8868 0.709736 7.868 0.683058 7.9734
74 4.41 0.709417 8.1576 0.750284 8.1544 0.726822 8.2514
75 4.47 0.793514 8.4688 0.722118 8.4376 0.775132 8.556
76 4.53 0.834206 8.8048 0.843144 8.7772 0.817671 8.886
77 4.59 0.868643 9.164 0.871545 9.1376 0.889592 9.2546
78 4.65 0.949105 9.5668 0.961358 9.5456 0.928394 9.6494
79 4.71 1.01235 10.0076 1.07022 10.0116 0.982821 10.0782
80 4.77 1.10348 10.5004 1.08288 10.4952 1.05122 10.5486
81 4.83 1.11817 11.0124 1.12865 11.012 1.09762 11.0522
82 4.89 1.15823 11.556 1.14288 11.5484 1.20609 11.6194
83 4.95 1.23345 12.1492 1.17939 12.1156 1.20235 12.1988
84 5.01 1.21789 12.7492 1.23575 12.7244 1.24827 12.815
85 5.07 1.30578 13.408 1.25424 13.3572 1.25055 13.4472
86 5.13 1.31491 14.0872 1.34356 14.0512 1.31537 14.128
87 5.19 1.30511 14.7772 1.3157 14.7468 1.33043 14.8328
88 5.25 1.32499 15.494 1.35308 15.4788 1.33267 15.5552
89 5.31 1.25907 16.1908 1.33424 16.2172 1.33193 16.2938
90 5.37 1.29682 16.9248 1.33993 16.9756 1.31644 17.0404
91 5.43 1.31117 17.6836 1.33467 17.748 1.31441 17.8026
92 5.49 1.31715 18.4628 1.2989 18.5164 1.29832 18.5722
93 5.55 1.2101 19.1944 1.24649 19.27 1.27107 19.3422
94 5.61 1.17593 19.9208 1.20507 20.0144 1.20783 20.0898
95 5.67 1.16703 20.6572 1.18541 20.7624 1.19095 20.8428
96 5.73 1.13092 21.386 1.15513 21.5068 1.10636 21.5572
97 5.79 1.09423 22.106 1.11003 22.2372 1.07536 22.2662
98 5.85 1.02128 22.792 1.00342 22.9112 1.01864 22.9518
99 5.91 0.994815 23.474 0.976728 23.5808 0.982053 23.6264
100 5.97 0.948045 24.1372 0.923458 24.2268 0.950429 24.2926
101 6.03 0.897325 24.7776 0.897325 24.8672 0.910913 24.944
102 6.09 0.914898 25.4436 0.857202 25.4912 0.869197 25.578
103 6.15 0.857261 26.08 0.834631 26.1108 0.82866 26.1944
104 6.21 0.849231 26.7228 0.845004 26.7504 0.817998 26.8148
105 6.27 0.804544 27.3436 0.770331 27.3448 0.794916 27.4294
106 6.33 0.76902 27.9484 0.7619 27.944 0.786771 28.0494
107 6.39 0.792079 28.5832 0.774611 28.5648 0.78128 28.6768
108 6.45 0.788679 29.2272 0.767125 29.1912 0.798101 29.3298
109 6.51 0.780459 29.8764 0.743432 29.8096 0.791136 29.9892
110 6.57 0.781378 30.5384 0.787515 30.4768 0.802196 30.6702
111 6.63 0.814589 31.2412 0.813198 31.1784 0.830079 31.3878
112 6.69 0.794579 31.9392 0.804141 31.8848 0.825936 32.1148
113 6.75 0.826586 32.6784 0.827034 32.6244 0.867341 32.892
114 6.81 0.900852 33.4984 0.878001 33.4236 0.889183 33.703
115 6.87 0.912821 34.344 0.897276 34.2548 0.884923 34.5244
116 6.93 0.935699 35.226 0.952249 35.1524 0.913076 35.3868
117 6.99 0.978933 36.1648 0.950153 36.0636 0.972604 36.3214
118 7.05 1.00703 37.1472 1.00211 37.0412 0.990289 37.2894
119 7.11 1.02841 38.1676 1.02841 38.0616 0.992153 38.2758
120 7.17 1.06201 39.2392 1.09135 39.1628 1.02349 39.3106
121 7.23 1.09943 40.3672 1.06707 40.2576 1.05851 40.3988
122 7.29 1.04689 41.4592 1.09866 41.4036 1.08996 41.538
123 7.35 1.10494 42.6308 1.15323 42.6264 1.09012 42.6962
124 7.41 1.15838 43.8792 1.09343 43.8048 1.10291 43.8872
125 7.47 1.10661 45.0912 1.13254 45.0452 1.11697 45.113
126 7.53 1.13937 46.3592 1.16956 46.3468 1.15 46.3954
127 7.59 1.12213 47.628 1.17414 47.6744 1.14266 47.69
128 7.65 1.13873 48.936 1.15753 49.004 1.1573 49.022
129 7.71 1.1437 50.2704 1.14061 50.3348 1.14997 50.3664
130 7.77 1.12408 51.6024 1.14906 51.6964 1.11071 51.6852
131 7.83 1.12287 52.9536 1.10891 53.0308 1.13456 53.0532
132 7.89 1.10324 54.3016 1.08098 54.3516 1.12946 54.436
133 7.95 1.08988 55.6536 1.12664 55.7492 1.084 55.7834
134 8.01 1.03962 56.9628 1.06249 57.0872 1.07146 57.1354
135 8.07 1.05989 58.3176 1.04331 58.4208 1.05028 58.4806
136 8.13 1.05418 59.6852 1.06003 59.796 1.03514 59.8262
137 8.19 1.0078 61.012 1.03149 61.154 1.0311 61.1864
138 8.25 1.02703 62.384 1.03152 62.532 0.990457 62.5122
139 8.31 1.00339 63.744 0.982736 63.864 0.986367 63.8518
140 8.37 0.987024 65.1012 0.970734 65.1988 1.00523 65.2368
141 8.43 0.960406 66.4408 0.930295 66.4964 0.9841 66.6122
142 8.49 0.937266 67.7668 0.952534 67.844 0.922412 67.9198
143 8.55 0.956218 69.1388 0.927225 69.1744 0.934691 69.2636
144 8.61 0.941288 70.5084 0.923419 70.518 0.930214 70.6198
145 8.67 0.890077 71.8216 0.916918 71.8708 0.952423 72.0278
146 8.73 0.922541 73.2016 0.916658 73.242 0.917093 73.4024
147 8.79 0.928189 74.6092 0.910253 74.6224 0.918699 74.7984
148 8.85 0.928917 76.0372 0.888846 75.9888 0.916672 76.2104
149 8.91 0.888724 77.422 0.874861 77.352 0.912309 77.6348
150 8.97 0.923479 78.8804 0.894351 78.7644 0.914301 79.0816
151 9.03 0.887254 80.3004 0.90175 80.2076 0.916908 80.552
152 9.09 0.90641 81.7704 0.916769 81.6944 0.915551 82.0398
153 9.15 0.90795 83.2624 0.917686 83.2024 0.936136 83.5812
154 9.21 0.927151 84.806 0.937723 84.7636 0.940643 85.1504
155 9.27 0.931078 86.3764 0.917086 86.3104 0.961523 86.7754
156 9.33 0.950045 87.9996 0.965028 87.9592 0.970692 88.4372
157 9.39 0.952966 89.6488 0.986943 89.6672 0.988314 90.151
158 9.45 0.976276 91.36 0.993391 91.4084 0.999376 91.9062
159 9.51 0.969629 93.0812 0.975488 93.14 1.00828 93.6996
160 9.57 1.04318 94.9564 1.01358 94.962 1.04676 95.585
161 9.63 1.03725 96.8444 1.04802 96.8696 1.04505 97.491
162 9.69 1.04463 98.7696 1.04615 98.7976 1.04872 99.4276
163 9.75 1.04339 100.716 1.08134 100.815 1.04526 101.382
164 9.81 1.07302 102.743 1.07726 102.85 1.05397 103.377
165 9.87 1.05395 104.758 1.04579 104.85 1.06917 105.425
166 9.93 1.06357 106.817 1.05448 106.89 1.08156 107.522
167 9.99 1.07616 108.925 1.08024 109.006 1.0902 109.662
168 10.05 1.06758 111.041 1.07303 111.134 1.0586 111.765
169 10.11 1.0713 113.19 1.05834 113.257 1.07642 113.929
170 10.17 1.05771 115.338 1.06618 115.421 1.05785 116.081
171 10.23 1.08448 117.565 1.04982 117.578 1.06161 118.266
172 10.29 1.04531 119.738 1.05647 119.773 1.06521 120.484
173 10.35 1.04654 121.938 1.0513 121.984 1.05024 122.696
174 10.41 1.05445 124.181 1.0362 124.188 1.0315 124.895
175 10.47 0.997592 126.327 1.02064 126.384 1.02352 127.101
176 10.53 1.01511 128.536 1.01952 128.602 1.02372 129.334
177 10.59 1.02054 130.783 1.006 130.817 1.02539 131.595
178 10.65 1.03028 133.076 0.995779 133.034 0.979352 133.78
179 10.71 0.972394 135.266 0.985364 135.252 0.982506 135.996
180 10.77 0.993566 137.528 0.975645 137.473 0.995086 138.266
181 10.83 0.959478 139.736 0.965386 139.696 0.964322 140.491
182 10.89 0.965432 141.984 0.9876 141.994 0.962815 142.736
183 10.95 0.963039 144.25 0.950292 144.231 0.972478 145.03
184 11.01 0.945847 146.5 0.946015 146.482 0.96778 147.337
185 11.07 0.953748 148.794 0.950256 148.767 0.9774 149.692
186 11.13 0.96817 151.148 0.963564 151.11 0.965906 152.046
187 11.19 0.973115 153.54 0.937797 153.415 0.948347 154.381
188 11.25 0.946821 155.892 0.952457 155.781 0.967667 156.79
189 11.31 0.955602 158.291 0.947795 158.16 0.943276 159.163
190 11.37 0.960361 160.728 0.957208 160.589 0.982669 161.661
191 11.43 0.947029 163.156 0.960913 163.053 0.968176 164.149
192 11.49 0.983629 165.705 0.964488 165.552 0.965717 166.656
193 11.55 0.955257 168.206 0.971298 168.096 0.963943 169.185
194 11.61 0.954632 170.732 0.977613 170.682 0.97347 171.766
195 11.67 0.967586 173.318 0.969532 173.274 0.978047 174.385
196 11.73 0.989558 175.991 1.00467 175.987 0.985214 177.051
197 11.79 0.999597 178.718 1.02042 178.771 0.985234 179.745
198 11.85 0.99429 181.458 1.01838 181.578 0.993243 182.488
199 11.91 0.988751 184.211 1.00843 184.385 1.00176 185.282
200 11.97 1.01428 187.064 0.994794 187.183 1.02212 188.162
